8194 363 1.0
5 363 3.0
5 390 1.0
16390 363 4.0
24584 363 1.0
40970 363 2.0
40971 363 1.0
40971 6114 5.0
16 1083 2.0
16 363 3.0
16 390 2.0
16 660 1.0
46 363 2.0
48 1083 5.0
48 2810 2.0
48 363 3.0
48 660 4.0
32820 363 4.0
32820 390 5.0
32820 7611 3.0
32822 363 1.0
56 363 3.0
56 660 4.0
65 2810 1.0
65 363 3.0
65 615 4.0
65 660 5.0
73 363 3.0
74 363 5.0
16458 363 1.0
16458 6114 5.0
16458 659 5.0
16458 660 5.0
32850 363 4.0
32853 363 2.0
87 363 5.0
24664 363 3.0
16479 363 2.0
16479 615 5.0
41056 363 1.0
49252 363 3.0
24689 363 5.0
41073 363 1.0
128 363 1.0
8329 363 4.0
8329 615 4.0
24715 363 3.0
8333 2810 4.0
8333 363 2.0
8333 615 4.0
8333 7611 4.0
142 363 2.0
8335 363 2.0
24722 2810 4.0
24722 363 5.0
24722 390 2.0
24722 615 5.0
24724 363 4.0
16537 363 2.0
16543 11436 4.0
16543 363 3.0
16543 659 3.0
8357 363 2.0
8357 7611 1.0
24746 363 1.0
24747 363 1.0
177 363 3.0
177 615 5.0
177 660 3.0
181 2810 3.0
181 363 2.0
181 390 2.0
181 615 4.0
181 660 1.0
32949 363 3.0
16582 363 1.0
202 363 1.0
16588 363 3.0
16588 390 3.0
16588 7611 2.0
16590 11436 5.0
16590 363 4.0
16590 390 4.0
207 363 5.0
207 390 5.0
207 659 3.0
16594 363 2.0
8406 363 1.0
8406 659 5.0
8406 7611 1.0
16600 363 1.0
16600 659 5.0
218 363 2.0
8415 11436 5.0
8415 363 3.0
16609 363 4.0
16609 390 3.0
226 2810 1.0
226 363 3.0
226 390 3.0
226 615 5.0
226 660 3.0
33004 363 2.0
238 363 2.0
238 615 5.0
238 660 4.0
243 2810 5.0
243 363 2.0
243 660 5.0
244 2810 3.0
244 363 4.0
245 2810 3.0
245 363 4.0
245 615 5.0
245 660 5.0
245 7611 1.0
249 11436 4.0
249 363 2.0
249 6114 5.0
24826 363 1.0
16641 363 1.0
16641 390 1.0
16641 615 5.0
16641 660 4.0
16641 7611 4.0
265 363 2.0
8457 363 1.0
273 2810 5.0
273 363 3.0
282 2810 2.0
282 363 1.0
282 615 5.0
282 660 2.0
282 7611 1.0
304 11436 3.0
304 363 2.0
304 660 3.0
16688 363 2.0
16688 6114 4.0
8499 363 2.0
8499 390 1.0
16693 363 4.0
8507 363 5.0
8507 390 4.0
8507 615 5.0
8507 659 5.0
16700 363 5.0
24895 363 4.0
16705 11436 3.0
16705 363 1.0
16705 390 5.0
24897 363 3.0
324 1083 2.0
324 11436 5.0
324 363 2.0
324 390 1.0
8519 1083 4.0
8519 363 1.0
8519 659 2.0
16713 363 1.0
16713 659 4.0
16713 7611 2.0
333 363 4.0
24911 363 3.0
338 1083 5.0
338 363 2.0
338 6114 4.0
338 615 4.0
8530 363 2.0
348 363 5.0
348 660 3.0
41320 363 1.0
41320 615 3.0
8555 363 3.0
8562 363 1.0
8562 7611 5.0
24950 363 1.0
375 11436 4.0
375 2810 2.0
375 363 3.0
375 659 4.0
375 660 5.0
8570 1083 5.0
8570 11436 5.0
8570 363 1.0
16769 363 2.0
16769 7611 1.0
387 363 4.0
387 660 4.0
16772 363 5.0
389 363 3.0
389 615 4.0
391 2810 2.0
391 363 5.0
8584 363 5.0
8584 390 5.0
8584 615 5.0
8584 659 2.0
16778 363 1.0
16778 615 4.0
16778 7611 1.0
41355 363 3.0
405 363 4.0
8597 1083 5.0
8597 363 4.0
8597 390 5.0
408 363 3.0
408 660 3.0
16792 11436 3.0
16792 363 1.0
16792 390 1.0
16792 615 5.0
16792 7611 1.0
8604 363 4.0
8604 390 5.0
8604 660 5.0
8606 363 3.0
8607 363 2.0
8607 660 5.0
8607 7611 1.0
16798 363 1.0
8611 11436 5.0
8611 363 1.0
8611 7611 1.0
420 363 2.0
420 615 5.0
420 660 5.0
16804 363 1.0
8614 363 2.0
33191 363 5.0
33191 659 4.0
16808 363 1.0
16808 659 4.0
33192 363 1.0
33192 7611 3.0
8619 363 3.0
16813 363 1.0
8626 363 1.0
8626 659 5.0
41395 363 2.0
41395 390 4.0
438 2810 4.0
438 363 3.0
438 615 5.0
438 7611 3.0
445 363 2.0
445 660 1.0
8639 363 1.0
41408 363 5.0
16835 363 2.0
16835 6114 5.0
16835 659 3.0
41415 363 1.0
16844 363 2.0
16845 363 2.0
16845 615 5.0
8654 363 1.0
471 363 3.0
471 390 1.0
471 659 4.0
473 363 3.0
473 659 4.0
484 363 5.0
484 390 3.0
484 659 4.0
486 363 2.0
486 390 3.0
486 660 3.0
487 2810 3.0
487 363 2.0
487 660 5.0
8678 363 2.0
8678 7611 1.0
490 363 5.0
490 390 4.0
490 615 5.0
8688 11436 4.0
8688 363 4.0
8691 363 1.0
8691 615 4.0
8691 7611 1.0
501 363 1.0
501 659 5.0
8694 363 2.0
8698 1083 5.0
8698 363 5.0
8698 659 4.0
508 363 2.0
8701 363 2.0
8701 615 5.0
16899 363 2.0
517 363 2.0
517 390 2.0
517 660 1.0
16909 363 1.0
16910 363 1.0
16910 390 2.0
16914 363 1.0
16916 363 3.0
16916 659 5.0
533 11436 4.0
533 363 3.0
8725 363 4.0
16917 363 1.0
536 363 1.0
16921 363 1.0
16926 363 2.0
25123 363 4.0
8741 363 4.0
8745 1083 5.0
8745 363 5.0
8745 615 4.0
8745 659 4.0
8746 11436 4.0
8746 2810 3.0
8746 363 2.0
8746 659 4.0
25130 363 5.0
25130 659 5.0
561 363 3.0
16946 363 2.0
565 363 1.0
565 660 5.0
25143 363 5.0
8768 1083 5.0
8768 363 2.0
8768 615 5.0
8768 7611 1.0
16961 363 1.0
16961 615 5.0
8770 363 2.0
8770 659 2.0
580 363 2.0
25162 363 3.0
25162 390 4.0
25162 615 3.0
25170 363 3.0
25170 659 4.0
8787 363 5.0
8787 6114 4.0
8787 660 4.0
25173 11436 4.0
25173 363 2.0
25173 659 5.0
25173 7611 1.0
33365 363 4.0
25180 363 2.0
612 2810 2.0
612 363 1.0
612 6114 5.0
25188 363 3.0
25188 390 5.0
25188 6114 5.0
25188 660 5.0
25188 7611 3.0
33382 363 1.0
33382 659 4.0
8809 363 3.0
8809 615 4.0
25193 363 2.0
25195 363 3.0
41579 363 1.0
41580 363 4.0
17007 11436 5.0
17007 363 1.0
17007 390 5.0
17009 363 2.0
17012 363 3.0
17013 363 4.0
17013 615 4.0
17015 363 2.0
17018 363 4.0
17018 7611 2.0
33402 363 3.0
17023 363 2.0
17026 363 2.0
25221 363 1.0
25221 659 4.0
25221 7611 2.0
646 363 4.0
646 390 4.0
646 615 4.0
646 660 3.0
17030 363 3.0
17043 363 4.0
17044 1083 5.0
17044 363 2.0
17044 390 5.0
661 363 1.0
8855 363 4.0
8855 660 5.0
664 363 4.0
664 390 3.0
664 660 4.0
670 11436 3.0
670 363 1.0
41630 363 5.0
17057 363 2.0
17057 390 5.0
17057 615 5.0
17057 659 3.0
17060 363 3.0
17060 6114 5.0
681 11436 5.0
681 2810 2.0
681 363 2.0
681 660 5.0
8878 363 2.0
8878 390 5.0
8878 660 5.0
25263 363 2.0
17076 363 3.0
17076 7611 3.0
695 2810 4.0
695 363 1.0
695 660 5.0
695 7611 1.0
17079 363 5.0
17084 363 4.0
17084 615 4.0
701 1083 4.0
701 363 1.0
701 615 5.0
701 660 2.0
25279 363 2.0
705 363 2.0
705 659 4.0
707 363 2.0
707 660 4.0
17099 363 4.0
8912 11436 4.0
8912 363 4.0
8912 390 1.0
25301 363 4.0
17113 363 3.0
17117 11436 5.0
17117 363 3.0
735 2810 1.0
735 363 2.0
735 6114 4.0
735 7611 1.0
738 363 2.0
25317 363 1.0
17126 363 5.0
745 363 4.0
745 615 5.0
17129 363 1.0
17129 390 5.0
17130 363 4.0
17130 659 5.0
17133 363 1.0
758 363 3.0
17149 363 3.0
17149 390 1.0
33537 363 5.0
33537 659 5.0
773 2810 3.0
773 363 3.0
773 390 1.0
773 615 5.0
773 659 4.0
775 363 1.0
775 659 5.0
775 660 2.0
8973 363 1.0
17165 1083 4.0
17165 11436 3.0
17165 363 1.0
17165 390 5.0
17165 6114 5.0
17165 7611 2.0
783 363 1.0
783 615 3.0
783 660 1.0
8975 363 3.0
8975 6114 5.0
8975 615 5.0
17167 363 1.0
787 1083 4.0
787 363 3.0
787 7611 1.0
8981 2810 1.0
8981 363 2.0
8981 390 2.0
8981 6114 5.0
8981 659 5.0
8981 7611 2.0
17176 363 5.0
8992 363 3.0
17187 363 4.0
17187 390 5.0
17188 1083 5.0
17188 363 3.0
25381 363 1.0
25387 363 4.0
9011 363 5.0
9011 6114 5.0
9011 7611 4.0
9012 1083 5.0
9012 363 2.0
33588 363 1.0
33588 659 3.0
25400 363 3.0
25400 390 3.0
17210 363 5.0
17215 363 2.0
17215 6114 5.0
9024 11436 5.0
9024 2810 1.0
9024 363 4.0
17219 363 2.0
25411 363 2.0
41797 363 1.0
9031 363 1.0
9031 7611 3.0
17226 11436 3.0
17226 363 5.0
17226 615 5.0
843 363 2.0
843 615 2.0
17232 363 2.0
17232 660 5.0
9043 363 2.0
17241 363 2.0
17241 659 4.0
33629 363 1.0
25440 363 1.0
25440 659 4.0
25441 363 3.0
17259 363 4.0
17259 659 1.0
17279 11436 5.0
17279 363 1.0
25472 363 3.0
897 363 4.0
17282 363 1.0
17288 363 4.0
17296 363 2.0
9108 363 2.0
17300 363 1.0
25492 363 3.0
923 363 4.0
25508 363 3.0
25508 615 4.0
17327 363 3.0
9137 363 4.0
9138 2810 4.0
9138 363 2.0
17330 363 1.0
17330 6114 5.0
948 363 3.0
948 390 5.0
948 660 2.0
9145 363 1.0
9145 6114 4.0
962 2810 4.0
962 363 5.0
41923 363 4.0
33733 363 4.0
9159 2810 4.0
9159 363 2.0
9159 660 5.0
976 363 3.0
17360 363 1.0
17360 660 5.0
978 363 4.0
17361 363 1.0
25559 363 1.0
9176 363 2.0
17371 363 1.0
994 363 5.0
994 390 3.0
994 615 5.0
994 659 5.0
996 363 4.0
33764 363 2.0
9197 363 3.0
1015 363 2.0
1015 7611 5.0
17400 1083 4.0
17400 363 2.0
17400 6114 4.0
1020 11436 5.0
1020 363 1.0
1020 660 1.0
41984 363 3.0
1025 2810 5.0
1025 363 2.0
1025 660 3.0
1027 2810 3.0
1027 363 2.0
9220 2810 3.0
9220 363 4.0
1029 2810 2.0
1029 363 2.0
1029 615 5.0
1029 660 5.0
1033 363 4.0
1034 363 2.0
17419 11436 2.0
17419 363 4.0
17419 615 4.0
17419 7611 1.0
1036 1083 5.0
1036 363 2.0
1036 659 1.0
1036 7611 1.0
9234 363 4.0
17429 11436 5.0
17429 363 2.0
9238 11436 5.0
9238 363 2.0
9238 615 2.0
9238 7611 1.0
25622 363 5.0
25623 363 1.0
1050 363 2.0
1050 7611 1.0
1051 363 4.0
1051 659 5.0
1051 660 5.0
1052 363 5.0
1053 1083 5.0
1053 363 2.0
1053 390 4.0
25626 363 2.0
1056 2810 5.0
1056 363 1.0
1056 390 3.0
1056 6114 4.0
1056 660 4.0
1056 7611 3.0
9248 363 5.0
9248 390 5.0
17444 363 3.0
17444 390 2.0
17447 1083 5.0
17447 11436 4.0
17447 363 2.0
17447 7611 1.0
1065 363 3.0
17450 363 3.0
17452 363 2.0
1071 1083 4.0
1071 2810 4.0
1071 363 4.0
1071 615 5.0
1071 659 4.0
1071 660 4.0
1072 363 4.0
9270 363 5.0
42039 2810 3.0
42039 363 3.0
42040 363 3.0
9284 363 1.0
1094 11436 4.0
1094 363 1.0
1094 660 4.0
1094 7611 1.0
17492 363 3.0
1109 363 1.0
1109 660 4.0
1114 363 4.0
1114 390 1.0
1114 615 5.0
1129 2810 2.0
1129 363 2.0
1129 659 5.0
1132 363 2.0
1132 7611 3.0
1137 363 3.0
1137 660 1.0
1140 363 1.0
1140 390 1.0
1140 6114 5.0
1140 615 5.0
42103 363 1.0
42103 7611 1.0
17531 363 3.0
1149 363 2.0
1149 660 5.0
1149 7611 2.0
9345 363 3.0
1154 363 5.0
1154 390 5.0
1154 659 5.0
9346 363 4.0
9346 390 5.0
1161 2810 3.0
1161 363 2.0
1161 660 5.0
1162 1083 5.0
1162 2810 2.0
1162 363 2.0
1162 660 5.0
1162 7611 2.0
9360 11436 4.0
9360 363 2.0
9360 659 3.0
9360 7611 3.0
9367 2810 4.0
9367 363 5.0
9367 390 4.0
1183 363 1.0
1183 615 5.0
1183 660 5.0
25761 363 1.0
9382 363 1.0
1194 11436 5.0
1194 363 3.0
1194 615 1.0
1194 659 4.0
9399 363 2.0
9399 7611 1.0
9400 2810 3.0
9400 363 2.0
1215 363 4.0
42176 363 2.0
42176 615 4.0
25799 363 3.0
1227 2810 2.0
1227 363 5.0
9420 2810 3.0
9420 363 2.0
1232 363 1.0
1232 7611 1.0
25809 1083 5.0
25809 363 2.0
25809 390 1.0
42198 363 1.0
17637 363 2.0
25833 363 5.0
9458 363 2.0
42236 363 4.0
34050 363 2.0
9477 363 1.0
9477 390 1.0
9477 659 5.0
42250 363 1.0
9496 2810 4.0
9496 363 5.0
9496 390 3.0
9498 363 2.0
9498 7611 2.0
1308 1083 5.0
1308 11436 2.0
1308 363 1.0
1308 390 2.0
1308 6114 5.0
1308 615 5.0
1308 7611 1.0
9501 363 3.0
34081 1083 5.0
34081 363 4.0
34081 6114 5.0
25895 363 1.0
17711 1083 5.0
17711 363 2.0
17711 615 3.0
9524 363 1.0
9524 390 2.0
9524 615 5.0
17722 363 3.0
17722 390 5.0
1343 363 1.0
1352 11436 5.0
1352 2810 3.0
1352 363 2.0
1352 660 5.0
9544 363 2.0
1354 363 2.0
1354 660 1.0
9545 363 2.0
9545 390 2.0
9545 659 5.0
9547 2810 5.0
9547 363 1.0
9547 615 5.0
9551 363 3.0
1360 1083 5.0
1360 11436 4.0
1360 363 2.0
1360 659 4.0
1360 7611 1.0
9552 363 1.0
9552 659 4.0
9557 363 4.0
9568 363 5.0
9568 390 5.0
42337 363 3.0
9570 363 2.0
9577 363 3.0
9577 615 5.0
34159 363 3.0
34159 6114 3.0
25970 11436 4.0
25970 363 1.0
9588 363 1.0
9588 659 5.0
42359 363 2.0
1400 363 3.0
1408 363 4.0
1408 660 5.0
17793 2810 2.0
17793 363 1.0
17793 7611 1.0
9608 363 2.0
1427 363 2.0
1427 660 5.0
34196 363 4.0
9621 1083 5.0
9621 363 2.0
9621 659 1.0
9622 363 4.0
9622 615 2.0
26008 2810 2.0
26008 363 3.0
26008 390 2.0
26008 659 1.0
26008 7611 2.0
17819 363 2.0
17820 363 3.0
17825 363 1.0
17826 363 1.0
17826 659 5.0
9645 363 1.0
9645 390 2.0
9645 660 4.0
9645 7611 3.0
26038 363 2.0
26039 363 1.0
17857 363 3.0
17857 6114 5.0
9666 363 4.0
9666 390 4.0
17872 363 5.0
42452 363 5.0
17879 363 4.0
17886 363 5.0
9702 363 1.0
9702 659 4.0
1517 2810 1.0
1517 363 3.0
1518 1083 4.0
1518 363 5.0
1518 390 1.0
1518 615 5.0
17902 11436 4.0
17902 363 4.0
26095 363 2.0
17908 363 1.0
17911 363 2.0
9720 363 3.0
17917 363 2.0
1538 363 2.0
1538 660 5.0
1542 363 3.0
17935 363 1.0
1558 363 2.0
9752 363 3.0
9758 363 1.0
9759 2810 4.0
9759 363 2.0
9759 390 5.0
1569 2810 2.0
1569 363 3.0
17953 2810 2.0
17953 363 3.0
17954 363 1.0
1574 363 2.0
1575 363 4.0
1575 660 4.0
9772 363 1.0
1582 363 3.0
1582 615 5.0
9775 1083 5.0
9775 363 1.0
9775 390 1.0
9775 7611 1.0
26158 1083 5.0
26158 363 4.0
1594 363 2.0
26171 363 4.0
9801 363 2.0
1611 363 3.0
1611 390 1.0
1611 660 5.0
1614 363 1.0
1614 7611 1.0
1616 363 2.0
1616 390 2.0
9810 363 1.0
9810 390 2.0
9814 2810 2.0
9814 363 1.0
9814 615 5.0
1625 363 4.0
9823 2810 3.0
9823 363 1.0
9823 390 4.0
9823 615 5.0
9823 660 5.0
9823 7611 2.0
18016 363 2.0
1634 2810 1.0
1634 363 2.0
1634 659 5.0
1634 660 5.0
1634 7611 1.0
9832 363 2.0
9832 659 5.0
1641 363 3.0
1641 615 5.0
1647 1083 5.0
1647 363 1.0
1647 659 2.0
1647 660 5.0
26225 363 2.0
9844 363 1.0
9844 615 5.0
1653 363 1.0
1656 363 1.0
1656 660 5.0
1657 363 3.0
1657 7611 1.0
9851 363 1.0
9851 390 4.0
1660 1083 5.0
1660 363 2.0
9856 11436 3.0
9856 363 3.0
1667 2810 3.0
1667 363 1.0
1667 615 3.0
1667 660 5.0
1667 7611 1.0
9863 363 1.0
1677 363 5.0
18062 363 1.0
9879 363 1.0
9880 363 5.0
9880 615 4.0
1689 363 4.0
1689 390 5.0
1689 659 4.0
18076 363 3.0
18076 660 5.0
18078 363 1.0
1695 363 4.0
1695 659 2.0
34462 363 1.0
9889 363 4.0
42659 1083 4.0
42659 363 1.0
18097 363 5.0
9906 1083 5.0
9906 363 4.0
1718 363 1.0
1719 1083 4.0
1719 2810 3.0
1719 363 4.0
1719 390 5.0
1719 660 5.0
1724 363 2.0
9922 11436 4.0
9922 363 4.0
9922 659 3.0
42692 363 2.0
9926 11436 4.0
9926 363 1.0
26320 363 3.0
26320 390 5.0
26320 615 5.0
26330 363 2.0
26330 390 4.0
9949 363 2.0
1764 363 1.0
9960 363 5.0
9961 2810 3.0
9961 363 2.0
9961 390 2.0
9963 363 4.0
1773 1083 3.0
1773 2810 1.0
1773 363 2.0
1773 6114 5.0
1773 615 4.0
1773 659 3.0
9967 363 2.0
9967 7611 2.0
18160 1083 5.0
18160 363 3.0
18160 615 5.0
18160 7611 2.0
9973 363 3.0
9973 659 5.0
9973 660 1.0
42745 363 1.0
1786 1083 5.0
1786 363 3.0
1792 363 4.0
1792 615 3.0
1792 660 4.0
1792 7611 1.0
9985 363 4.0
9986 363 1.0
18180 363 5.0
9989 363 4.0
18185 363 2.0
18195 363 5.0
18195 7611 3.0
26399 363 1.0
42788 363 2.0
26408 11436 5.0
26408 363 1.0
26413 363 5.0
1845 363 3.0
1845 660 5.0
1857 363 2.0
18245 363 2.0
1865 363 3.0
18250 363 1.0
18251 1083 5.0
18251 363 3.0
18251 390 5.0
1869 363 3.0
1869 660 3.0
1870 363 2.0
1870 390 4.0
18256 363 1.0
34640 363 2.0
18258 11436 5.0
18258 363 3.0
18259 363 2.0
18259 615 4.0
1878 363 1.0
1878 390 1.0
1878 660 5.0
1878 7611 1.0
42838 363 5.0
18268 363 2.0
18268 615 4.0
1887 363 2.0
10081 1083 5.0
10081 363 1.0
10081 390 4.0
10081 6114 4.0
10081 7611 1.0
10084 2810 2.0
10084 363 2.0
34661 1083 5.0
34661 363 2.0
1895 363 1.0
10088 363 2.0
10088 660 4.0
42860 363 1.0
18286 363 4.0
10095 11436 5.0
10095 363 1.0
18290 363 2.0
18290 390 4.0
1907 2810 4.0
1907 363 2.0
1907 660 3.0
1907 7611 2.0
1910 363 3.0
1911 363 1.0
1911 659 4.0
10104 2810 2.0
10104 363 1.0
18295 363 5.0
1916 363 1.0
10112 363 3.0
10113 363 3.0
10113 615 4.0
1923 363 1.0
1923 390 2.0
1923 6114 5.0
26499 11436 4.0
26499 363 5.0
1928 2810 2.0
1928 363 1.0
1928 659 4.0
1928 7611 1.0
10120 2810 2.0
10120 363 2.0
10120 390 4.0
10120 615 4.0
10120 660 4.0
18314 363 1.0
18315 363 3.0
26510 363 4.0
26511 363 5.0
18320 363 4.0
26513 363 3.0
1941 363 3.0
1941 390 1.0
1941 615 3.0
1941 659 4.0
1942 363 3.0
1952 363 3.0
1952 615 5.0
1952 660 3.0
1960 363 2.0
10152 363 2.0
18349 363 2.0
1984 2810 1.0
1984 363 2.0
1984 660 5.0
26561 363 1.0
26561 6114 5.0
26561 659 1.0
42954 363 5.0
2000 363 3.0
2000 390 5.0
2000 615 4.0
2000 7611 1.0
2001 363 2.0
26576 363 3.0
10197 363 5.0
26584 11436 5.0
26584 363 3.0
2012 1083 5.0
2012 2810 4.0
2012 363 3.0
2012 660 1.0
2014 363 5.0
2014 390 5.0
2015 2810 1.0
2015 363 1.0
2016 363 1.0
18401 363 1.0
18401 7611 4.0
2018 2810 2.0
2018 363 4.0
2018 390 4.0
2018 660 3.0
2019 363 1.0
2019 615 5.0
2019 660 4.0
18402 363 4.0
18402 390 1.0
26593 363 1.0
18406 363 3.0
2023 2810 1.0
2023 363 1.0
2023 615 5.0
26595 363 1.0
26595 659 4.0
18414 11436 5.0
18414 363 1.0
18414 390 3.0
18414 7611 2.0
42991 363 4.0
26614 363 2.0
26616 363 1.0
2047 363 4.0
2047 390 4.0
2047 659 5.0
2047 660 5.0
2049 11436 4.0
2049 363 1.0
2049 390 1.0
2049 6114 5.0
2049 659 5.0
26630 363 4.0
26631 363 3.0
34824 363 2.0
2062 11436 3.0
2062 363 1.0
2062 660 5.0
2062 7611 2.0
2063 363 4.0
2065 363 5.0
2067 2810 3.0
2067 363 4.0
2067 390 5.0
2067 659 5.0
34836 363 1.0
18456 11436 5.0
18456 363 4.0
26652 363 4.0
26652 390 5.0
34864 363 1.0
2097 2810 5.0
2097 363 4.0
2097 660 4.0
2098 2810 4.0
2098 363 2.0
2098 390 1.0
2098 615 5.0
2098 660 3.0
10292 363 3.0
18486 1083 5.0
18486 363 2.0
18486 7611 2.0
10302 363 1.0
10302 390 3.0
10302 660 5.0
26687 363 4.0
26687 615 4.0
2123 363 5.0
10323 363 1.0
10323 390 1.0
34900 363 4.0
2135 363 3.0
43096 363 1.0
43096 390 4.0
34920 363 1.0
18538 363 3.0
18546 11436 2.0
18546 363 3.0
18546 7611 3.0
34930 363 5.0
18550 363 1.0
26746 363 2.0
18563 363 3.0
18566 363 1.0
18566 390 3.0
18566 6114 4.0
18566 659 4.0
18566 7611 2.0
18570 363 1.0
10380 363 1.0
10380 7611 1.0
2199 363 3.0
2199 660 5.0
2199 7611 3.0
2208 363 2.0
2208 660 3.0
26802 363 3.0
26802 390 3.0
2227 11436 4.0
2227 2810 3.0
2227 363 2.0
2227 615 4.0
2228 2810 3.0
2228 363 3.0
2228 390 2.0
26804 363 3.0
2230 2810 5.0
2230 363 3.0
2230 660 5.0
10424 363 1.0
10424 390 3.0
10424 615 5.0
2234 363 4.0
2234 660 4.0
18619 363 1.0
2240 363 3.0
10437 363 5.0
10437 6114 5.0
2249 363 1.0
18636 363 3.0
18636 390 4.0
18638 363 1.0
2257 2810 3.0
2257 363 2.0
2257 660 5.0
18641 363 4.0
18644 363 2.0
18644 659 4.0
18644 7611 1.0
35031 11436 4.0
35031 363 5.0
35031 390 4.0
35031 615 5.0
35031 7611 2.0
2268 1083 4.0
2268 363 5.0
2268 6114 4.0
10461 1083 5.0
10461 363 1.0
18656 363 1.0
43232 363 3.0
18661 363 1.0
18663 363 2.0
18663 390 5.0
18665 363 1.0
2291 11436 5.0
2291 2810 2.0
2291 363 2.0
2291 390 1.0
2298 1083 5.0
2298 2810 2.0
2298 363 4.0
2298 6114 5.0
2298 660 5.0
35066 363 2.0
35066 659 4.0
43259 363 1.0
35069 363 2.0
2302 363 2.0
2302 660 1.0
18690 363 1.0
18690 7611 1.0
18691 363 5.0
43267 363 3.0
2315 363 5.0
2315 390 5.0
2315 660 4.0
10519 363 2.0
10519 7611 4.0
2347 363 4.0
2351 1083 5.0
2351 363 4.0
2351 659 5.0
2356 363 2.0
2356 390 5.0
2356 660 4.0
2359 2810 3.0
2359 363 4.0
2359 660 5.0
2359 7611 2.0
2360 363 4.0
2360 390 4.0
2360 615 5.0
2373 363 2.0
2373 615 5.0
2374 2810 1.0
2374 363 1.0
18762 363 1.0
35147 363 1.0
2385 363 3.0
2385 659 5.0
18773 11436 3.0
18773 363 1.0
18773 390 5.0
18773 615 4.0
18773 659 5.0
18773 7611 2.0
2391 363 1.0
2391 390 5.0
2391 660 5.0
2392 363 3.0
10590 363 2.0
2400 1083 5.0
2400 2810 1.0
2400 363 3.0
2400 7611 3.0
10593 363 4.0
2402 2810 2.0
2402 363 2.0
2402 390 3.0
2402 659 5.0
2402 660 4.0
10595 363 1.0
18785 363 2.0
26980 363 1.0
2406 2810 3.0
2406 363 4.0
2406 390 5.0
2406 660 5.0
35168 363 1.0
2413 363 2.0
2413 659 5.0
35183 363 1.0
2416 2810 3.0
2416 363 3.0
2416 390 5.0
2416 615 5.0
2416 660 5.0
2417 11436 4.0
2417 363 2.0
2418 363 2.0
2420 363 5.0
2420 660 5.0
2422 363 4.0
2422 659 3.0
2422 660 4.0
2422 7611 1.0
10614 1083 2.0
10614 363 1.0
10614 390 3.0
2428 1083 5.0
2428 363 4.0
2428 390 5.0
2428 7611 1.0
10622 363 1.0
27007 363 1.0
27008 363 4.0
27008 659 5.0
35204 363 2.0
2438 363 4.0
2440 363 4.0
10632 363 2.0
27016 363 2.0
27016 6114 5.0
10636 363 2.0
10642 363 1.0
2451 363 1.0
10646 11436 4.0
10646 363 1.0
10647 363 4.0
10647 390 2.0
10647 615 5.0
10647 659 5.0
10652 363 2.0
10653 363 1.0
2464 363 2.0
18854 363 3.0
2474 363 5.0
2474 659 5.0
2474 660 5.0
10667 363 3.0
2476 363 1.0
10669 363 1.0
18858 363 4.0
18858 390 4.0
18858 615 5.0
10671 363 1.0
10671 390 4.0
2480 363 3.0
27054 363 1.0
27054 7611 1.0
35251 363 3.0
35251 659 5.0
10683 363 2.0
10686 363 1.0
10686 390 3.0
2495 2810 4.0
2495 363 5.0
2495 390 3.0
18879 363 3.0
18879 390 1.0
27071 11436 5.0
27071 363 1.0
27071 390 5.0
18886 363 1.0
10696 363 2.0
10696 659 5.0
27081 363 1.0
2518 11436 5.0
2518 363 2.0
2524 1083 5.0
2524 2810 5.0
2524 363 4.0
43486 363 3.0
27105 363 2.0
10723 363 3.0
2532 363 1.0
27114 363 4.0
18923 363 1.0
18925 363 5.0
18927 363 1.0
2548 363 5.0
10742 363 1.0
2577 363 4.0
2577 390 5.0
35355 363 4.0
35355 390 2.0
35355 615 5.0
10781 363 4.0
18974 363 1.0
27171 363 4.0
2597 363 4.0
18984 363 1.0
18984 660 4.0
18984 7611 1.0
10805 11436 5.0
10805 363 3.0
10805 659 5.0
18997 363 1.0
18997 390 5.0
2615 2810 2.0
2615 363 2.0
2631 363 1.0
2631 660 5.0
10823 363 2.0
19022 363 2.0
10837 2810 4.0
10837 363 1.0
10837 6114 5.0
10837 615 5.0
10837 660 4.0
2647 363 1.0
2647 615 5.0
2647 659 4.0
2647 660 5.0
2647 7611 1.0
2649 363 2.0
2649 660 4.0
35426 363 3.0
35427 363 2.0
35427 6114 5.0
10863 2810 3.0
10863 363 4.0
2683 2810 2.0
2683 363 2.0
10875 11436 4.0
10875 363 1.0
10875 390 2.0
2687 1083 5.0
2687 363 4.0
2687 7611 4.0
2689 2810 2.0
2689 363 3.0
2689 660 4.0
2699 363 2.0
2714 2810 1.0
2714 363 2.0
2714 7611 1.0
27290 363 4.0
19107 363 5.0
2730 363 1.0
19128 363 5.0
35524 363 1.0
2757 363 1.0
43720 363 2.0
10959 363 2.0
43740 363 2.0
2781 363 3.0
2781 660 5.0
43751 363 5.0
10988 2810 2.0
10988 363 1.0
10988 660 1.0
10989 363 4.0
2799 363 2.0
2802 363 3.0
2808 363 3.0
35577 363 5.0
2813 363 3.0
2813 659 5.0
2814 1083 4.0
2814 363 5.0
11007 11436 5.0
11007 2810 3.0
11007 363 2.0
11007 659 4.0
2816 363 4.0
2816 659 5.0
2818 363 1.0
2818 6114 5.0
2819 11436 5.0
2819 363 1.0
2819 615 5.0
2819 659 5.0
27402 363 2.0
27404 363 5.0
2829 363 1.0
27408 363 3.0
27408 615 5.0
19220 363 2.0
2839 363 1.0
2839 7611 1.0
11037 363 5.0
19229 363 4.0
19229 660 5.0
27431 363 4.0
35626 363 2.0
27436 363 4.0
2862 363 1.0
43822 363 4.0
2864 1083 2.0
2864 2810 4.0
2864 363 2.0
2864 659 4.0
2864 660 4.0
11061 363 4.0
11061 615 5.0
2873 11436 5.0
2873 2810 2.0
2873 363 3.0
2873 7611 5.0
11065 363 1.0
2875 363 3.0
2877 2810 1.0
2877 363 2.0
2877 660 4.0
2877 7611 1.0
19265 363 1.0
35656 363 5.0
35656 659 4.0
19273 363 3.0
19273 390 2.0
35659 363 1.0
19280 363 5.0
11091 363 3.0
35672 363 1.0
11103 11436 4.0
11103 363 2.0
11103 6114 2.0
11104 363 2.0
11104 7611 1.0
11108 11436 4.0
11108 363 2.0
2918 363 5.0
2918 615 5.0
2918 660 5.0
11115 363 4.0
2925 363 2.0
2925 659 3.0
11119 363 1.0
11119 659 5.0
2932 363 2.0
2932 615 5.0
11132 2810 4.0
11132 363 2.0
11132 615 4.0
11133 363 3.0
11133 659 5.0
11133 660 5.0
43911 363 2.0
35723 363 1.0
19343 363 2.0
11155 363 3.0
35735 363 2.0
11160 1083 5.0
11160 2810 3.0
11160 363 1.0
2972 363 1.0
2972 660 5.0
11168 363 2.0
11168 659 4.0
2978 11436 5.0
2978 363 2.0
2978 6114 5.0
27556 363 3.0
27556 615 5.0
27556 7611 1.0
2986 11436 4.0
2986 2810 4.0
2986 363 4.0
2986 390 4.0
2986 615 5.0
2992 363 2.0
19377 363 1.0
27569 11436 5.0
27569 363 1.0
2995 363 2.0
19380 363 1.0
19380 6114 5.0
2998 2810 4.0
2998 363 2.0
43959 363 1.0
3000 363 1.0
27578 363 4.0
19398 363 3.0
19398 390 4.0
19398 7611 3.0
3015 363 2.0
3015 615 3.0
11208 363 3.0
11208 615 5.0
3030 363 2.0
3030 660 1.0
3034 363 4.0
3036 2810 3.0
3036 363 3.0
3036 659 4.0
3036 660 5.0
3037 363 4.0
3037 390 2.0
3037 659 5.0
3037 7611 1.0
11234 363 1.0
11234 6114 5.0
11234 659 5.0
11248 363 5.0
3058 2810 4.0
3058 363 1.0
3058 390 1.0
3058 615 5.0
3058 660 5.0
3058 7611 1.0
44030 363 2.0
11271 363 1.0
11271 7611 1.0
19465 363 4.0
3088 363 5.0
11288 363 3.0
19482 363 5.0
3099 2810 3.0
3099 363 4.0
19485 363 4.0
11294 363 1.0
3104 363 1.0
3104 660 4.0
19492 363 3.0
3110 363 5.0
27686 363 1.0
27691 363 5.0
3116 363 1.0
3116 6114 4.0
3123 363 1.0
3123 615 4.0
3135 1083 5.0
3135 363 4.0
3135 390 3.0
3135 6114 5.0
3135 660 5.0
3145 363 2.0
3145 615 4.0
3145 660 4.0
3148 1083 5.0
3148 363 4.0
3148 660 5.0
19532 363 4.0
19541 363 1.0
3178 363 1.0
3178 7611 1.0
11371 363 3.0
11372 363 2.0
11372 659 5.0
35950 11436 5.0
35950 363 2.0
11381 363 1.0
19576 363 4.0
11389 363 2.0
11389 390 5.0
11389 6114 5.0
11389 615 5.0
11389 7611 3.0
11395 363 1.0
11401 363 2.0
11401 7611 2.0
27785 11436 4.0
27785 363 1.0
27786 363 1.0
11404 363 5.0
11404 659 4.0
3214 2810 1.0
3214 363 2.0
3214 659 5.0
3214 660 5.0
19602 363 2.0
19602 615 4.0
27804 11436 5.0
27804 363 1.0
3229 363 1.0
3229 660 4.0
27805 363 1.0
3231 363 4.0
3231 390 4.0
3231 615 5.0
3231 660 5.0
3231 7611 2.0
27806 363 1.0
44198 363 4.0
3250 2810 3.0
3250 363 3.0
19648 363 5.0
36045 363 3.0
36045 659 3.0
11471 363 2.0
11472 363 4.0
11473 363 2.0
11473 390 5.0
27856 363 1.0
11479 1083 5.0
11479 363 1.0
11479 6114 5.0
3288 363 1.0
3289 11436 5.0
3289 363 1.0
3289 390 2.0
3289 659 4.0
3289 660 5.0
36059 363 3.0
3292 2810 1.0
3292 363 5.0
36061 363 5.0
36066 363 3.0
36066 659 4.0
36071 363 4.0
36072 363 1.0
3305 1083 4.0
3305 11436 4.0
3305 2810 1.0
3305 363 1.0
3305 390 1.0
3305 659 5.0
3305 7611 1.0
3309 363 3.0
3309 615 4.0
3309 659 2.0
27890 363 4.0
19701 363 1.0
19701 6114 5.0
19701 659 4.0
3320 363 2.0
3320 660 5.0
27898 363 3.0
3328 363 2.0
3328 390 1.0
3328 615 5.0
3328 7611 1.0
3330 1083 5.0
3330 363 4.0
3330 615 4.0
3330 659 2.0
3330 7611 1.0
3331 363 4.0
3331 615 5.0
44297 363 5.0
19724 2810 1.0
19724 363 5.0
3341 363 5.0
3353 11436 4.0
3353 363 1.0
3353 659 5.0
3355 1083 5.0
3355 11436 5.0
3355 363 4.0
3355 615 4.0
3356 363 5.0
19742 363 1.0
3359 363 5.0
3359 390 4.0
3359 659 2.0
19744 11436 5.0
19744 363 5.0
19744 659 5.0
3367 363 3.0
19754 363 3.0
19754 390 3.0
19754 615 4.0
11563 363 2.0
11563 390 4.0
11564 1083 4.0
11564 363 1.0
19764 363 3.0
27960 363 1.0
11579 363 2.0
11580 1083 5.0
11580 363 1.0
19774 363 1.0
3416 363 4.0
11612 363 4.0
11612 659 5.0
27998 363 4.0
3430 363 4.0
3436 363 4.0
3437 1083 5.0
3437 363 1.0
19820 363 2.0
19820 7611 1.0
28014 363 5.0
19824 363 2.0
19824 390 4.0
19824 6114 5.0
19824 659 4.0
44396 363 5.0
19826 363 3.0
19826 390 4.0
19826 615 5.0
3443 2810 5.0
3443 363 1.0
3443 615 5.0
3443 659 5.0
3443 660 1.0
19828 363 3.0
19828 390 5.0
19828 615 5.0
36212 363 5.0
3446 363 2.0
3446 615 4.0
3447 1083 5.0
3447 363 3.0
11638 363 4.0
11645 363 1.0
3457 363 1.0
3457 6114 5.0
3457 660 5.0
3460 363 5.0
3460 659 5.0
3463 11436 4.0
3463 2810 4.0
3463 363 1.0
3463 390 5.0
3463 7611 2.0
28040 363 2.0
11662 363 4.0
11666 363 3.0
11666 660 2.0
11666 7611 3.0
36242 363 2.0
36242 390 5.0
36242 615 5.0
11669 2810 5.0
11669 363 2.0
11669 659 1.0
44438 363 3.0
3480 363 1.0
3481 2810 4.0
3481 363 3.0
3481 660 5.0
11672 363 4.0
11673 363 2.0
36250 363 2.0
3488 363 1.0
3488 6114 5.0
28067 363 5.0
3493 1083 4.0
3493 2810 3.0
3493 363 3.0
3493 659 4.0
3493 660 2.0
11686 1083 4.0
11686 363 2.0
19877 363 1.0
3501 363 2.0
3501 659 5.0
3501 660 5.0
11699 11436 5.0
11699 363 4.0
11699 390 1.0
11699 7611 1.0
3508 363 1.0
3508 390 1.0
3508 660 5.0
11700 363 1.0
19897 363 4.0
3516 2810 3.0
3516 363 3.0
3516 390 3.0
19908 2810 5.0
19908 363 4.0
19908 615 5.0
3526 363 4.0
19911 11436 4.0
19911 363 1.0
19911 390 5.0
3530 1083 5.0
3530 363 5.0
3530 615 4.0
19914 2810 5.0
19914 363 5.0
19915 363 5.0
19915 615 5.0
3534 11436 4.0
3534 363 5.0
3534 390 5.0
3534 660 5.0
3537 363 3.0
19923 363 5.0
19923 390 5.0
11735 363 1.0
28120 363 1.0
28120 7611 2.0
28126 363 2.0
28126 390 4.0
11745 363 1.0
11745 390 2.0
3554 363 1.0
3555 363 3.0
3555 660 5.0
19939 363 2.0
3557 363 1.0
3557 660 5.0
3557 7611 2.0
28139 363 1.0
11757 363 1.0
11757 390 5.0
11757 615 5.0
19955 363 3.0
19955 390 5.0
19958 363 2.0
3583 2810 3.0
3583 363 4.0
3583 615 5.0
3583 660 4.0
28160 363 2.0
28164 2810 1.0
28164 363 1.0
28164 6114 4.0
28164 7611 2.0
3592 2810 3.0
3592 363 3.0
3594 363 1.0
19984 363 3.0
19984 6114 5.0
3604 2810 5.0
3604 363 1.0
3604 390 5.0
3611 363 4.0
19995 11436 1.0
19995 363 4.0
19995 390 5.0
3614 11436 5.0
3614 2810 3.0
3614 363 3.0
3614 390 3.0
3614 6114 5.0
3614 615 5.0
3614 660 4.0
20004 11436 5.0
20004 363 1.0
3627 363 4.0
3627 390 2.0
3627 660 4.0
3628 363 2.0
3628 390 2.0
3628 660 5.0
28213 363 3.0
20039 363 3.0
11853 1083 4.0
11853 363 2.0
11853 6114 5.0
11853 659 5.0
44621 363 1.0
44621 6114 5.0
20048 363 4.0
11857 363 3.0
11858 11436 2.0
11858 363 1.0
11858 659 4.0
20055 363 2.0
3672 363 2.0
3672 659 1.0
20066 363 4.0
11876 363 2.0
20074 363 2.0
3691 363 2.0
3691 660 4.0
20079 363 1.0
44659 363 2.0
36468 363 2.0
3702 363 4.0
3702 660 5.0
20086 363 4.0
28285 363 3.0
28285 659 4.0
3715 11436 5.0
3715 363 3.0
28291 363 5.0
3737 11436 2.0
3737 363 3.0
28314 363 2.0
3741 363 1.0
3750 11436 4.0
3750 363 2.0
3755 2810 2.0
3755 363 3.0
3755 390 2.0
3755 615 3.0
11967 2810 1.0
11967 363 1.0
11967 659 2.0
36544 363 1.0
3782 363 5.0
3782 659 5.0
28369 363 4.0
3796 1083 5.0
3796 2810 2.0
3796 363 3.0
3796 390 4.0
3796 7611 1.0
11995 363 1.0
3805 363 1.0
3806 363 2.0
3807 1083 5.0
3807 11436 4.0
3807 363 2.0
3807 660 3.0
3810 363 1.0
3812 11436 5.0
3812 363 4.0
3812 615 5.0
3813 363 2.0
12004 363 1.0
12011 363 1.0
12011 659 1.0
12011 7611 2.0
36595 363 1.0
3829 363 1.0
3829 6114 5.0
3829 7611 2.0
3843 363 4.0
12049 363 2.0
12049 390 4.0
3870 363 1.0
12063 363 1.0
12063 390 1.0
20272 363 4.0
36659 363 2.0
36659 7611 1.0
12084 363 1.0
12084 615 3.0
3895 363 5.0
3895 390 1.0
3895 615 5.0
3895 660 4.0
20282 363 1.0
20282 615 3.0
12091 363 5.0
20284 363 4.0
20286 363 5.0
20286 390 5.0
28479 363 4.0
3905 363 3.0
3905 615 5.0
20304 11436 3.0
20304 363 1.0
28500 363 2.0
44886 363 1.0
3931 11436 4.0
3931 363 1.0
3931 6114 5.0
3931 615 5.0
12128 2810 1.0
12128 363 1.0
12128 660 5.0
20323 363 4.0
20331 363 2.0
12140 363 2.0
20341 363 4.0
3964 363 2.0
3964 660 4.0
3964 7611 2.0
3969 363 3.0
12168 363 2.0
28556 363 1.0
28557 363 4.0
3983 2810 4.0
3983 363 4.0
3983 659 4.0
3986 363 3.0
12181 11436 4.0
12181 363 1.0
12181 615 5.0
36757 1083 5.0
36757 363 2.0
3991 363 4.0
3992 1083 5.0
3992 2810 4.0
3992 363 2.0
3999 1083 4.0
3999 363 1.0
3999 390 2.0
3999 7611 3.0
4007 363 4.0
12203 363 1.0
12203 615 5.0
12203 7611 1.0
20395 11436 4.0
20395 363 2.0
20395 7611 1.0
12219 363 4.0
12219 615 4.0
44989 363 2.0
4032 363 2.0
4032 660 5.0
4032 7611 1.0
4034 363 2.0
4034 615 5.0
4046 363 1.0
20439 363 4.0
20439 390 4.0
20440 363 3.0
20440 659 1.0
4057 363 2.0
12259 2810 3.0
12259 363 1.0
12259 390 3.0
12259 659 5.0
20460 363 1.0
28658 363 3.0
45045 363 2.0
45051 363 2.0
45051 6114 4.0
4107 1083 4.0
4107 363 5.0
4107 390 5.0
36892 11436 5.0
36892 363 1.0
36892 659 4.0
45087 1083 5.0
45087 363 2.0
28707 363 4.0
28707 659 5.0
20523 1083 5.0
20523 363 5.0
4168 363 5.0
4173 363 2.0
4173 7611 3.0
12371 363 1.0
4185 11436 2.0
4185 363 1.0
4185 390 3.0
12378 2810 1.0
12378 363 1.0
12378 615 4.0
12378 7611 1.0
4193 363 3.0
12390 363 3.0
36968 11436 5.0
36968 363 2.0
36968 390 4.0
20585 363 3.0
12394 11436 2.0
12394 363 1.0
12394 390 2.0
28784 363 3.0
12406 11436 4.0
12406 363 4.0
12406 390 4.0
12406 659 5.0
12406 660 5.0
12406 7611 3.0
4215 363 5.0
20600 363 4.0
20600 7611 1.0
36987 363 1.0
36989 363 1.0
36989 390 5.0
36989 659 4.0
36989 7611 1.0
20614 363 4.0
20614 390 4.0
20614 660 5.0
20619 363 2.0
20619 7611 2.0
20620 363 4.0
12431 1083 4.0
12431 363 5.0
12431 6114 5.0
28817 363 2.0
4248 363 3.0
4248 615 5.0
37017 11436 3.0
37017 363 1.0
37017 390 5.0
37027 2810 3.0
37027 363 2.0
37027 659 2.0
28837 363 5.0
20650 363 1.0
20650 615 5.0
20650 659 5.0
37043 363 1.0
37043 6114 5.0
37043 659 5.0
45235 363 5.0
45235 390 5.0
12483 363 4.0
20683 363 1.0
4301 363 2.0
28877 363 3.0
37078 363 2.0
28900 363 4.0
28900 615 3.0
4331 363 2.0
4331 390 5.0
4331 659 1.0
4338 363 2.0
28914 363 3.0
12536 1083 4.0
12536 11436 4.0
12536 363 2.0
12536 390 4.0
12536 659 4.0
45318 363 2.0
4370 363 1.0
4370 7611 1.0
28953 363 2.0
28953 390 5.0
4390 363 2.0
28966 1083 5.0
28966 363 3.0
12588 363 2.0
12588 390 2.0
12588 7611 1.0
28972 363 2.0
28981 363 5.0
37175 363 2.0
4411 363 2.0
4411 390 3.0
4411 615 5.0
4411 659 3.0
4417 363 1.0
12609 363 4.0
12609 7611 1.0
4419 2810 1.0
4419 363 1.0
4419 660 5.0
4420 363 5.0
37185 363 2.0
12614 11436 5.0
12614 363 2.0
12614 390 1.0
12614 659 4.0
12617 363 1.0
12617 615 3.0
29001 363 4.0
4430 363 3.0
20815 363 3.0
29007 363 1.0
37200 363 4.0
20818 363 2.0
20818 615 5.0
20819 11436 4.0
20819 363 4.0
20822 363 5.0
20822 615 5.0
12631 363 4.0
20823 11436 5.0
20823 363 2.0
12633 363 2.0
4442 363 1.0
4442 659 3.0
4443 363 3.0
4443 390 5.0
4443 659 5.0
4443 660 5.0
12637 363 5.0
12637 390 1.0
12646 363 3.0
12648 363 4.0
4459 1083 5.0
4459 11436 3.0
4459 363 3.0
4459 390 4.0
4459 6114 5.0
4459 659 5.0
4459 660 4.0
12652 11436 4.0
12652 363 1.0
12652 390 3.0
12656 11436 4.0
12656 363 1.0
12656 659 5.0
20849 363 1.0
12660 363 3.0
12660 390 4.0
12660 615 4.0
4469 363 5.0
12662 363 4.0
12662 390 5.0
12662 615 5.0
12671 363 4.0
12671 390 5.0
12671 6114 5.0
4480 363 1.0
4482 363 4.0
4484 2810 2.0
4484 363 1.0
4484 390 4.0
4484 659 4.0
4484 7611 1.0
12676 363 4.0
12683 363 3.0
12683 390 3.0
4494 363 5.0
12698 363 5.0
12698 659 5.0
4507 363 5.0
4507 390 5.0
4507 659 4.0
37275 363 5.0
37275 390 5.0
4510 363 2.0
4510 615 5.0
29086 363 4.0
29086 6114 5.0
29087 363 4.0
4514 363 4.0
29094 363 5.0
4520 363 3.0
20905 363 1.0
4526 363 4.0
4526 390 5.0
37294 1083 5.0
37294 11436 4.0
37294 363 2.0
37294 659 3.0
37294 7611 3.0
4528 363 1.0
12724 363 2.0
12724 390 5.0
12724 659 5.0
12727 11436 4.0
12727 363 4.0
12727 7611 3.0
12730 363 3.0
29120 363 1.0
4552 363 4.0
4552 615 5.0
4552 660 4.0
4554 363 2.0
12749 363 1.0
12751 363 1.0
12756 363 3.0
12756 390 5.0
4572 363 2.0
37341 1083 5.0
37341 363 5.0
37341 7611 4.0
29161 363 1.0
12780 363 5.0
12780 390 5.0
45550 1083 5.0
45550 11436 3.0
45550 363 2.0
12783 363 1.0
12783 390 1.0
12783 6114 5.0
29169 363 3.0
37363 363 3.0
12792 363 2.0
12792 615 5.0
37368 363 2.0
12794 363 5.0
4610 363 1.0
4610 615 5.0
29188 363 1.0
12805 363 1.0
12805 390 4.0
20997 363 2.0
4616 363 2.0
4620 11436 1.0
4620 363 5.0
4620 659 5.0
4620 660 5.0
12815 363 2.0
12815 390 3.0
12815 6114 5.0
12815 659 2.0
12817 363 1.0
12817 615 5.0
12817 660 5.0
37394 363 2.0
37395 363 3.0
4634 11436 3.0
4634 2810 4.0
4634 363 2.0
4634 390 4.0
4634 615 5.0
4634 7611 3.0
4638 363 1.0
4638 7611 1.0
4644 363 3.0
12846 363 2.0
12846 7611 2.0
4664 363 2.0
4668 363 2.0
4668 659 3.0
4668 660 4.0
29251 363 5.0
29251 390 5.0
29251 7611 4.0
4677 363 5.0
4677 390 5.0
29257 2810 3.0
29257 363 3.0
29257 6114 5.0
12874 2810 3.0
12874 363 4.0
12874 7611 2.0
21068 363 4.0
4689 363 3.0
12890 363 2.0
29276 363 1.0
45661 1083 5.0
45661 11436 4.0
45661 363 1.0
45662 363 1.0
29279 11436 2.0
29279 363 2.0
29279 615 4.0
29279 659 4.0
12899 11436 2.0
12899 363 3.0
12899 390 5.0
12900 363 1.0
12900 390 2.0
12900 615 5.0
29296 363 5.0
37488 363 3.0
37488 7611 2.0
45683 363 5.0
29304 363 1.0
29307 363 1.0
4732 363 1.0
21116 363 2.0
21116 390 3.0
4734 1083 5.0
4734 2810 2.0
4734 363 3.0
21117 363 3.0
4736 363 2.0
4736 7611 1.0
29310 363 2.0
29314 363 2.0
29314 6114 5.0
45697 363 4.0
29316 363 1.0
29317 363 1.0
37510 363 3.0
29320 363 1.0
29323 363 1.0
29323 390 5.0
29325 363 2.0
12945 363 4.0
29329 363 1.0
21140 363 2.0
21140 659 5.0
29335 363 1.0
4764 363 5.0
12963 363 1.0
12963 659 1.0
12963 7611 1.0
12969 363 5.0
12969 390 5.0
4780 1083 5.0
4780 363 1.0
4780 390 1.0
4783 363 2.0
12980 363 5.0
37560 363 2.0
4793 363 3.0
21177 1083 5.0
21177 363 1.0
12987 363 3.0
37562 363 1.0
4799 2810 1.0
4799 363 5.0
4799 6114 5.0
4800 363 4.0
12992 363 3.0
29378 363 2.0
12995 363 1.0
12996 363 5.0
12996 659 4.0
12997 363 3.0
29381 363 2.0
4809 363 2.0
4809 615 5.0
13011 363 5.0
4829 363 1.0
4829 615 5.0
29410 363 1.0
29411 363 1.0
13030 363 4.0
4839 363 4.0
4839 660 5.0
4840 2810 4.0
4840 363 4.0
4842 363 1.0
13036 363 1.0
13036 615 3.0
13036 7611 1.0
37614 2810 2.0
37614 363 2.0
37614 7611 2.0
29427 363 2.0
21236 363 2.0
21236 390 4.0
29429 363 1.0
29430 363 1.0
29430 390 1.0
29430 659 5.0
4855 1083 5.0
4855 363 3.0
4855 390 5.0
4855 6114 4.0
4855 615 4.0
4855 659 5.0
29431 363 2.0
4859 11436 4.0
4859 363 4.0
4859 659 5.0
4861 363 1.0
4861 6114 5.0
21253 363 1.0
21257 363 2.0
21258 363 1.0
21258 659 3.0
29458 363 2.0
29458 659 2.0
29461 363 2.0
29462 363 1.0
13094 363 4.0
37671 363 5.0
37671 7611 2.0
21295 363 4.0
4914 363 2.0
4915 363 1.0
4915 390 2.0
13113 363 2.0
13118 363 3.0
13118 615 5.0
13120 363 4.0
13123 363 1.0
4934 363 3.0
13126 11436 5.0
13126 363 3.0
37707 363 3.0
37707 615 5.0
13133 363 3.0
13135 363 5.0
4945 363 4.0
4945 659 4.0
4949 11436 5.0
4949 363 2.0
4949 390 4.0
4949 7611 1.0
13146 363 1.0
13146 390 5.0
13146 7611 2.0
13154 363 1.0
4965 363 2.0
4965 615 5.0
13157 363 1.0
13157 615 5.0
13159 363 5.0
4968 363 1.0
4968 659 5.0
13160 363 5.0
45928 363 1.0
13170 363 1.0
4980 363 2.0
4982 1083 5.0
4982 2810 1.0
4982 363 3.0
21381 363 2.0
21381 615 5.0
4999 363 4.0
5008 11436 5.0
5008 363 1.0
29591 363 1.0
5029 363 4.0
5029 659 4.0
13221 363 2.0
37799 363 2.0
37799 615 5.0
5032 363 4.0
5032 390 5.0
5040 11436 3.0
5040 2810 4.0
5040 363 5.0
5040 390 5.0
5041 363 4.0
5041 615 4.0
29617 363 3.0
5044 2810 5.0
5044 363 4.0
5044 390 3.0
5044 615 5.0
37813 363 2.0
37813 615 1.0
46012 363 3.0
46012 390 4.0
46012 7611 1.0
13247 363 3.0
5056 363 2.0
5057 363 4.0
29631 363 2.0
21444 11436 5.0
21444 363 2.0
21446 363 4.0
21452 11436 5.0
21452 363 2.0
21452 659 4.0
29651 363 3.0
37850 363 1.0
37850 7611 5.0
5084 363 1.0
5084 390 1.0
5086 11436 5.0
5086 363 2.0
5086 615 5.0
5086 659 5.0
13278 363 2.0
5099 363 4.0
5099 390 2.0
5105 363 3.0
5105 390 5.0
5105 615 5.0
5109 363 1.0
5109 390 5.0
5114 2810 3.0
5114 363 3.0
5114 660 5.0
5118 2810 2.0
5118 363 2.0
21504 11436 3.0
21504 363 4.0
21504 390 5.0
5121 11436 4.0
5121 363 2.0
5121 659 2.0
5124 2810 4.0
5124 363 2.0
5124 390 1.0
5124 660 1.0
5128 363 2.0
5128 390 3.0
5128 615 5.0
5129 363 2.0
5129 390 5.0
21514 363 2.0
29708 363 1.0
29709 363 3.0
29709 659 3.0
37900 363 5.0
37900 615 5.0
29721 363 1.0
5147 11436 5.0
5147 363 1.0
5147 390 5.0
5147 659 4.0
21532 363 4.0
21536 363 3.0
29737 363 2.0
29745 363 2.0
29746 363 2.0
37937 363 2.0
29749 363 4.0
29749 615 5.0
21560 363 2.0
29752 363 3.0
29752 659 1.0
29772 11436 4.0
29772 363 1.0
29772 6114 5.0
21587 363 1.0
21587 659 2.0
5204 11436 5.0
5204 363 2.0
5204 390 1.0
29784 363 2.0
37977 363 5.0
37977 6114 5.0
29791 363 1.0
29791 6114 5.0
5218 363 4.0
46178 363 1.0
5221 2810 2.0
5221 363 2.0
5221 390 2.0
5221 615 4.0
37990 11436 5.0
37990 363 1.0
37990 390 5.0
37990 659 5.0
29799 363 4.0
29799 6114 5.0
5225 363 1.0
5225 390 2.0
5225 615 4.0
5225 660 5.0
29806 363 1.0
29806 615 5.0
29811 363 3.0
29811 390 1.0
29811 6114 5.0
29811 659 5.0
5248 2810 5.0
5248 363 1.0
5248 390 1.0
5248 615 4.0
5248 660 2.0
13442 11436 5.0
13442 363 2.0
13442 390 1.0
13442 7611 2.0
5255 11436 5.0
5255 363 1.0
5255 659 1.0
5259 363 1.0
13453 363 3.0
21652 363 1.0
5275 363 4.0
5275 390 2.0
21664 363 4.0
21664 659 5.0
5281 363 3.0
5284 363 1.0
5284 390 5.0
21669 363 4.0
5290 363 2.0
5303 363 1.0
5304 1083 5.0
5304 363 5.0
5304 6114 4.0
5304 660 4.0
46268 363 5.0
5310 363 3.0
29887 363 2.0
29893 363 3.0
29894 363 5.0
5320 363 3.0
5320 659 4.0
29900 363 2.0
29902 363 5.0
5331 363 2.0
29907 363 1.0
29908 363 4.0
5334 363 4.0
29911 363 1.0
5337 363 5.0
5343 2810 3.0
5343 363 3.0
5343 615 4.0
21729 363 1.0
21729 7611 1.0
13542 363 4.0
21735 11436 4.0
21735 363 1.0
21735 390 5.0
21735 659 5.0
5352 363 3.0
46310 2810 1.0
46310 363 4.0
21740 363 2.0
29932 363 3.0
29932 615 4.0
29932 659 5.0
5358 363 5.0
5359 363 3.0
5359 659 2.0
5359 660 5.0
29933 363 1.0
5364 363 4.0
5364 390 5.0
21748 363 5.0
21750 363 3.0
5374 363 4.0
5374 390 2.0
5374 7611 3.0
29953 363 1.0
46337 363 1.0
5381 2810 1.0
5381 363 2.0
5386 363 4.0
5386 660 5.0
5390 2810 4.0
5390 363 3.0
21778 363 4.0
5399 363 1.0
21784 363 2.0
5413 363 3.0
46380 363 1.0
13613 363 1.0
13613 390 2.0
46381 363 1.0
46382 363 1.0
13617 2810 4.0
13617 363 4.0
5427 1083 5.0
5427 11436 3.0
5427 2810 4.0
5427 363 1.0
5427 659 5.0
21812 363 1.0
46388 11436 4.0
46388 363 4.0
5438 363 4.0
5438 390 4.0
5438 615 5.0
5438 660 4.0
30018 363 4.0
5448 363 3.0
30043 363 1.0
21853 363 1.0
30054 1083 5.0
30054 363 3.0
5483 363 1.0
5483 615 4.0
5483 660 5.0
13680 1083 5.0
13680 363 1.0
13680 7611 2.0
21873 363 3.0
5495 1083 1.0
5495 11436 4.0
5495 2810 4.0
5495 363 2.0
5495 390 5.0
5495 6114 4.0
5495 659 5.0
21879 363 2.0
21879 390 1.0
46457 363 1.0
5501 363 2.0
5501 390 5.0
5501 659 5.0
30082 363 1.0
13706 1083 5.0
13706 363 3.0
13706 390 1.0
5516 363 3.0
5516 390 2.0
5516 615 4.0
5517 363 5.0
38293 363 4.0
5532 2810 4.0
5532 363 2.0
21918 363 4.0
13727 363 5.0
13727 615 4.0
38303 363 1.0
38303 390 3.0
38307 363 2.0
38308 363 4.0
21928 363 3.0
13741 363 2.0
13741 615 5.0
5553 363 5.0
5560 363 1.0
30138 363 3.0
30146 363 5.0
21955 363 1.0
21955 615 5.0
13764 11436 5.0
13764 363 1.0
13764 390 5.0
13764 6114 5.0
13764 7611 5.0
38343 363 2.0
38343 659 5.0
5576 1083 5.0
5576 11436 5.0
5576 363 1.0
13770 363 3.0
5579 363 3.0
5582 11436 5.0
5582 2810 4.0
5582 363 2.0
5582 390 5.0
5584 363 2.0
5584 659 5.0
5584 7611 2.0
21968 363 1.0
21968 615 5.0
5586 363 4.0
5590 363 5.0
5590 6114 4.0
5590 615 5.0
5600 363 5.0
5600 390 5.0
5600 615 5.0
21990 363 2.0
46582 11436 3.0
46582 363 1.0
46582 390 1.0
46582 660 3.0
5623 11436 2.0
5623 363 2.0
5623 390 2.0
22008 363 1.0
5627 363 1.0
5627 390 1.0
5627 659 5.0
5636 363 4.0
13838 363 3.0
13838 615 4.0
22037 363 1.0
22037 390 5.0
5655 363 2.0
5655 615 5.0
5661 2810 4.0
5661 363 1.0
13862 363 2.0
5672 363 4.0
5672 390 5.0
5672 615 4.0
30249 2810 4.0
30249 363 2.0
22060 363 4.0
22060 7611 1.0
5680 363 4.0
5680 390 2.0
30263 363 3.0
30263 7611 1.0
5691 363 5.0
5691 390 5.0
22077 363 1.0
5694 11436 5.0
5694 2810 4.0
5694 363 4.0
5694 390 3.0
30273 363 5.0
30273 390 5.0
13890 363 4.0
22090 1083 5.0
22090 363 4.0
5707 363 4.0
5707 659 5.0
5712 363 1.0
38483 363 1.0
5716 2810 2.0
5716 363 3.0
5716 7611 2.0
5717 363 3.0
13908 363 4.0
5722 363 1.0
5725 363 1.0
5726 1083 5.0
5726 363 1.0
5726 390 1.0
5728 363 3.0
5729 363 2.0
5734 2810 4.0
5734 363 5.0
5734 390 1.0
5734 7611 2.0
5736 363 5.0
5736 390 5.0
38508 363 4.0
38515 363 1.0
30326 363 4.0
38519 2810 5.0
38519 363 2.0
30334 363 1.0
13955 363 2.0
13955 390 2.0
13955 615 5.0
5780 363 4.0
22164 363 3.0
30357 363 4.0
5783 2810 5.0
5783 363 3.0
5783 7611 3.0
5786 363 4.0
22172 363 4.0
5789 363 2.0
5789 390 4.0
5789 6114 4.0
5789 615 2.0
5789 659 5.0
38559 363 4.0
22177 363 5.0
5802 363 3.0
5804 363 1.0
5806 363 2.0
38574 363 4.0
38581 363 2.0
38581 6114 5.0
30393 363 1.0
30393 390 4.0
5835 11436 4.0
5835 363 4.0
5835 615 5.0
5866 363 1.0
5871 1083 4.0
5871 2810 1.0
5871 363 4.0
5871 6114 5.0
5871 660 1.0
5871 7611 3.0
14069 1083 5.0
14069 363 1.0
5880 363 3.0
22266 363 1.0
22269 363 3.0
22270 363 2.0
22274 363 4.0
22274 390 5.0
22274 615 5.0
5893 363 4.0
5895 2810 3.0
5895 363 5.0
5895 659 3.0
5898 1083 5.0
5898 363 2.0
5898 390 3.0
5898 615 5.0
5898 659 1.0
5900 1083 4.0
5900 363 2.0
5900 615 4.0
5907 11436 4.0
5907 363 3.0
5907 659 1.0
5908 363 2.0
46874 363 1.0
5920 363 3.0
5922 363 1.0
38693 363 3.0
30506 363 5.0
5932 363 4.0
5932 390 2.0
5937 11436 5.0
5937 363 1.0
5937 6114 4.0
5937 659 3.0
38714 363 2.0
38714 390 3.0
14140 363 1.0
5953 363 3.0
14150 2810 3.0
14150 363 1.0
22343 2810 1.0
22343 363 4.0
22343 615 5.0
5961 363 1.0
14153 363 3.0
14153 659 5.0
14153 7611 4.0
22345 363 1.0
14156 1083 5.0
14156 2810 1.0
14156 363 3.0
14156 660 5.0
22349 363 1.0
5974 363 2.0
5976 363 4.0
5976 659 5.0
14169 1083 4.0
14169 363 5.0
14169 7611 4.0
5978 363 5.0
5978 390 5.0
5978 7611 5.0
14170 363 1.0
14170 390 3.0
14170 615 4.0
38753 363 5.0
22390 363 3.0
22395 363 4.0
30588 363 2.0
22397 363 1.0
22398 363 5.0
22398 390 3.0
38779 363 2.0
6016 363 3.0
6023 363 3.0
6023 660 5.0
6023 7611 1.0
14218 363 1.0
6027 363 4.0
6028 363 2.0
6028 615 4.0
6028 7611 1.0
14222 2810 2.0
14222 363 5.0
14222 615 5.0
14222 660 5.0
14223 363 3.0
14223 615 5.0
14224 1083 5.0
14224 11436 4.0
14224 363 2.0
14224 390 5.0
14224 659 4.0
14224 7611 2.0
14231 1083 5.0
14231 363 3.0
14231 615 5.0
14231 7611 1.0
6045 363 4.0
22435 363 1.0
6053 363 2.0
6060 363 1.0
14259 363 2.0
14259 659 4.0
6076 363 4.0
6076 615 5.0
6081 363 4.0
6081 615 5.0
6081 7611 2.0
30658 363 1.0
14276 11436 3.0
14276 2810 3.0
14276 363 3.0
22469 363 1.0
6086 363 1.0
6087 2810 2.0
6087 363 1.0
14281 363 2.0
14281 615 5.0
6093 363 4.0
47067 363 1.0
6110 363 4.0
6118 11436 4.0
6118 363 1.0
6118 390 1.0
6124 363 1.0
6124 390 1.0
30702 363 1.0
6132 2810 3.0
6132 363 4.0
22517 363 2.0
22517 7611 1.0
6143 363 5.0
38911 363 3.0
6148 2810 2.0
6148 363 1.0
6151 2810 4.0
6151 363 5.0
6157 2810 1.0
6157 363 1.0
6157 615 4.0
14349 363 1.0
30748 363 5.0
6176 363 4.0
6176 615 4.0
6176 660 4.0
30754 363 1.0
30754 615 5.0
30759 11436 4.0
30759 363 1.0
30759 390 4.0
22572 363 1.0
47153 363 2.0
30772 363 2.0
6198 1083 3.0
6198 2810 3.0
6198 363 4.0
6198 6114 5.0
6198 659 5.0
6198 660 1.0
6198 7611 1.0
22591 363 2.0
6215 363 1.0
6215 660 5.0
6216 363 5.0
6217 363 5.0
6217 390 2.0
22602 2810 2.0
22602 363 4.0
22602 6114 3.0
22602 7611 3.0
47177 363 1.0
6230 2810 5.0
6230 363 5.0
6230 659 5.0
6232 363 4.0
6232 615 5.0
6232 659 2.0
6237 363 5.0
6246 363 1.0
6246 390 5.0
22647 363 4.0
22647 7611 1.0
6266 363 1.0
6267 363 1.0
6267 390 5.0
47232 363 2.0
47232 6114 4.0
47232 615 4.0
14471 363 4.0
30858 363 1.0
30858 659 3.0
39051 363 2.0
6295 363 3.0
6295 390 5.0
47255 11436 5.0
47255 363 1.0
47255 659 5.0
22682 363 4.0
22682 659 4.0
22682 7611 3.0
22684 363 4.0
22684 659 4.0
6301 2810 2.0
6301 363 1.0
22689 363 1.0
6307 363 5.0
6314 2810 5.0
6314 363 4.0
6314 615 4.0
6325 363 3.0
6343 363 1.0
6353 1083 5.0
6353 363 5.0
6353 390 4.0
6355 363 4.0
6360 363 5.0
14553 363 1.0
14564 2810 2.0
14564 363 4.0
6384 363 1.0
22769 363 3.0
30962 363 5.0
30962 659 5.0
47362 363 1.0
22787 1083 5.0
22787 363 1.0
22787 390 2.0
22787 659 1.0
30985 363 1.0
22801 363 1.0
47387 363 2.0
6430 1083 5.0
6430 11436 2.0
6430 363 3.0
6430 615 4.0
6430 660 5.0
31021 363 1.0
39214 363 1.0
14643 363 2.0
22845 363 2.0
14681 363 2.0
31073 363 1.0
6511 363 1.0
6518 2810 4.0
6518 363 2.0
6518 659 5.0
6518 660 5.0
6518 7611 2.0
39287 363 3.0
39288 363 2.0
39317 363 5.0
6551 1083 4.0
6551 11436 3.0
6551 2810 3.0
6551 363 3.0
6551 615 5.0
6551 659 4.0
22949 1083 4.0
22949 363 2.0
22950 363 3.0
6568 363 1.0
31159 363 1.0
31159 6114 3.0
31159 615 4.0
31161 363 2.0
22976 11436 5.0
22976 363 1.0
14796 1083 2.0
14796 2810 2.0
14796 363 2.0
14796 7611 1.0
6605 363 5.0
6605 6114 5.0
6605 659 3.0
31180 363 4.0
31188 1083 5.0
31188 363 4.0
31189 363 1.0
14808 363 4.0
14808 659 3.0
6619 2810 2.0
6619 363 1.0
6619 7611 1.0
14820 11436 5.0
14820 363 1.0
14820 390 3.0
14820 615 4.0
14820 7611 1.0
14825 363 1.0
14825 659 5.0
23017 363 3.0
14827 11436 5.0
14827 363 1.0
14828 363 2.0
14828 390 2.0
6639 363 1.0
39426 363 3.0
39426 7611 3.0
14859 1083 4.0
14859 11436 4.0
14859 363 4.0
14859 6114 3.0
14859 615 3.0
14859 659 5.0
23053 363 5.0
31260 363 2.0
6695 363 4.0
6700 363 5.0
14897 363 5.0
23095 363 3.0
23095 6114 5.0
23095 615 4.0
23095 7611 3.0
14912 363 3.0
14912 660 5.0
14912 7611 4.0
23111 11436 5.0
23111 363 1.0
23111 390 5.0
31313 363 2.0
31313 7611 4.0
31330 363 5.0
23146 363 5.0
31339 363 2.0
23149 11436 5.0
23149 363 3.0
23149 390 4.0
39536 363 2.0
23153 363 1.0
23153 660 5.0
6776 363 4.0
39544 363 2.0
23165 363 4.0
14979 1083 4.0
14979 363 4.0
14979 7611 1.0
14987 363 1.0
14987 6114 1.0
39563 363 3.0
31377 363 4.0
31384 363 1.0
15004 11436 5.0
15004 363 1.0
23198 363 4.0
23198 615 5.0
39597 363 2.0
15026 363 1.0
15026 390 1.0
15026 660 1.0
23222 363 2.0
23222 6114 5.0
23222 7611 2.0
47803 363 2.0
47805 363 2.0
6847 363 2.0
23241 363 4.0
23241 7611 3.0
15050 363 1.0
6863 2810 3.0
6863 363 1.0
6863 390 2.0
6863 615 5.0
6863 659 5.0
6868 363 2.0
47860 363 3.0
6905 363 1.0
6905 615 4.0
6908 363 1.0
47868 363 3.0
47868 6114 5.0
47868 659 4.0
47868 7611 2.0
15106 363 2.0
15106 390 3.0
15106 660 5.0
15106 7611 1.0
15110 11436 4.0
15110 363 1.0
6930 1083 5.0
6930 363 4.0
6930 7611 5.0
6936 11436 3.0
6936 363 5.0
6936 660 5.0
15131 2810 4.0
15131 363 1.0
23325 363 1.0
23325 390 5.0
23325 659 4.0
23330 2810 1.0
23330 363 4.0
23335 363 1.0
23335 615 5.0
31533 363 2.0
6958 11436 5.0
6958 2810 1.0
6958 363 1.0
6958 615 5.0
6958 7611 2.0
6959 363 5.0
23359 363 2.0
23359 6114 5.0
39745 363 2.0
39745 7611 2.0
6983 363 1.0
6983 659 5.0
6984 363 2.0
6984 615 5.0
6984 660 2.0
6984 7611 1.0
39754 363 2.0
6992 363 2.0
6992 660 5.0
15186 363 1.0
15189 363 2.0
15189 6114 5.0
15189 615 3.0
15189 659 1.0
15193 363 4.0
7010 363 3.0
7010 390 4.0
7010 660 4.0
7014 363 3.0
7014 390 3.0
7014 6114 1.0
7014 615 5.0
7014 659 5.0
7014 660 4.0
47976 363 1.0
7017 363 1.0
47983 363 1.0
7024 363 2.0
7024 390 4.0
7024 615 5.0
7024 660 5.0
7026 363 5.0
7028 363 1.0
7032 363 5.0
31615 363 4.0
7041 1083 5.0
7041 363 3.0
31620 363 2.0
15241 363 1.0
7051 363 1.0
7051 6114 5.0
7051 7611 1.0
31630 363 3.0
31632 363 3.0
39824 363 5.0
39828 363 1.0
39828 659 5.0
15253 363 3.0
15266 363 3.0
7075 1083 4.0
7075 2810 1.0
7075 363 2.0
7075 615 4.0
7075 7611 1.0
31651 363 1.0
48042 363 4.0
15284 363 1.0
31668 363 2.0
23483 363 3.0
7102 363 1.0
7103 363 1.0
7103 390 2.0
7103 6114 5.0
39870 363 3.0
39870 6114 4.0
7105 1083 5.0
7105 11436 3.0
7105 363 4.0
7105 6114 4.0
15306 363 3.0
15306 7611 2.0
31690 363 2.0
31690 6114 5.0
15310 363 4.0
15315 363 2.0
15315 659 4.0
7125 11436 5.0
7125 363 2.0
7126 363 2.0
7126 659 2.0
7126 7611 1.0
7127 363 3.0
7127 7611 3.0
15322 11436 5.0
15322 363 2.0
15322 6114 5.0
15322 7611 1.0
15323 363 4.0
15325 363 4.0
15325 615 5.0
7136 363 2.0
7136 390 5.0
7136 6114 5.0
15334 363 5.0
15334 615 5.0
15337 1083 5.0
15337 363 3.0
15337 615 4.0
15338 1083 5.0
15338 363 4.0
15339 363 5.0
15339 7611 1.0
23529 363 1.0
15342 11436 5.0
15342 363 4.0
15342 390 2.0
15342 6114 4.0
15342 615 5.0
15343 363 4.0
15343 390 5.0
23536 363 4.0
31731 363 4.0
15351 363 5.0
15351 615 5.0
7160 363 5.0
23549 363 2.0
23561 1083 5.0
23561 363 5.0
23561 6114 5.0
7179 363 4.0
23563 363 1.0
23563 7611 2.0
7187 1083 5.0
7187 363 2.0
7187 659 5.0
7187 660 1.0
48148 363 5.0
7191 363 4.0
15393 363 1.0
7202 363 2.0
39969 363 1.0
39970 363 2.0
23609 363 2.0
23623 363 3.0
23637 363 2.0
23637 659 3.0
7260 1083 5.0
7260 2810 2.0
7260 363 1.0
7260 390 5.0
40029 363 4.0
31848 363 4.0
15475 363 1.0
7289 363 1.0
23677 363 2.0
23679 363 1.0
23679 659 4.0
40065 363 3.0
23689 363 2.0
23689 390 2.0
7310 363 4.0
7310 390 2.0
7310 659 3.0
40080 363 3.0
7314 363 1.0
7314 390 1.0
7324 363 5.0
23713 363 3.0
7332 363 4.0
7334 363 1.0
7334 615 4.0
40104 363 2.0
7340 363 3.0
31916 363 4.0
15544 11436 4.0
15544 363 4.0
7354 363 2.0
15547 363 3.0
15550 363 2.0
15550 390 3.0
15550 659 4.0
7359 363 2.0
7360 1083 5.0
7360 363 3.0
7360 6114 5.0
7361 363 5.0
7361 390 5.0
7361 659 5.0
7362 363 2.0
7363 363 4.0
7363 659 3.0
31939 11436 5.0
31939 363 2.0
31940 363 3.0
40131 363 4.0
40131 390 4.0
7368 363 1.0
7369 363 2.0
15569 11436 4.0
15569 363 1.0
15569 7611 3.0
23761 363 1.0
23761 659 2.0
23763 363 1.0
23763 659 4.0
15576 363 5.0
15578 11436 5.0
15578 363 2.0
15578 615 5.0
15578 659 4.0
15578 660 5.0
40157 363 4.0
15582 1083 5.0
15582 363 3.0
15582 615 4.0
23789 363 2.0
15598 363 5.0
23797 363 5.0
7414 363 1.0
48391 363 2.0
48391 390 4.0
32015 363 1.0
32015 6114 5.0
15638 11436 5.0
15638 363 1.0
15638 390 1.0
15638 659 4.0
23831 363 2.0
23831 390 4.0
23831 615 3.0
23835 11436 4.0
23835 363 1.0
23840 363 2.0
7458 1083 5.0
7458 363 3.0
7458 6114 2.0
7458 660 5.0
15660 363 1.0
32048 363 5.0
32048 659 4.0
15688 363 1.0
15689 1083 5.0
15689 363 1.0
23883 363 4.0
23883 7611 1.0
23885 363 3.0
23885 7611 4.0
48462 363 1.0
23892 363 2.0
7509 363 4.0
7509 615 5.0
7509 660 4.0
7509 7611 3.0
7511 2810 2.0
7511 363 3.0
7511 659 3.0
7512 1083 4.0
7512 363 3.0
7512 390 4.0
15704 363 3.0
15704 390 5.0
48473 11436 5.0
48473 363 1.0
48473 390 5.0
15708 363 5.0
15712 363 4.0
15714 363 5.0
15716 363 3.0
7525 363 1.0
7525 7611 1.0
7526 363 4.0
15737 363 3.0
15737 659 5.0
7549 2810 5.0
7549 363 5.0
7549 615 5.0
15746 11436 4.0
15746 363 2.0
23940 363 2.0
15749 363 3.0
15749 615 5.0
15749 660 2.0
7560 363 1.0
7560 7611 3.0
15755 363 4.0
15762 363 1.0
15763 363 3.0
15763 390 3.0
7576 363 2.0
23961 363 3.0
7585 1083 5.0
7585 363 2.0
7585 615 5.0
7585 7611 1.0
15778 363 3.0
15779 363 3.0
15779 660 5.0
48547 363 2.0
23983 363 1.0
7610 1083 5.0
7610 2810 4.0
7610 363 1.0
7610 615 5.0
7610 660 1.0
15802 363 2.0
32191 363 5.0
32191 615 3.0
32197 363 5.0
7626 363 4.0
15821 1083 5.0
15821 363 5.0
40397 363 5.0
15827 363 4.0
15827 390 4.0
7637 363 1.0
24021 363 2.0
7640 1083 5.0
7640 363 2.0
7640 659 1.0
7646 363 2.0
7646 7611 2.0
15840 363 1.0
15840 659 4.0
7652 363 4.0
48617 363 1.0
40429 363 1.0
15874 11436 5.0
15874 363 1.0
15874 390 1.0
15920 363 1.0
48702 363 5.0
15946 363 3.0
40529 363 1.0
40529 659 1.0
40532 363 2.0
24153 363 2.0
24164 363 2.0
15975 363 3.0
15975 390 5.0
15975 6114 5.0
24170 11436 2.0
24170 363 3.0
40580 363 2.0
32390 363 2.0
40582 363 1.0
40583 363 1.0
7820 363 1.0
40596 363 4.0
40596 390 5.0
40596 6114 4.0
40598 363 1.0
24217 363 5.0
24223 363 1.0
24224 11436 5.0
24224 363 1.0
32415 363 4.0
32418 363 4.0
16041 1083 5.0
16041 363 1.0
16041 615 4.0
24234 363 4.0
24234 390 5.0
24236 1083 4.0
24236 11436 4.0
24236 363 1.0
24236 6114 5.0
24236 7611 2.0
24237 363 2.0
24237 390 5.0
40630 363 2.0
40646 363 2.0
16075 363 1.0
40656 363 2.0
16091 363 1.0
24292 363 2.0
24292 390 5.0
24292 659 4.0
24296 363 2.0
24296 7611 3.0
16105 363 2.0
16105 390 1.0
16118 363 3.0
16118 615 5.0
16118 7611 3.0
32520 363 3.0
40712 363 2.0
32530 363 2.0
24347 363 2.0
24350 363 3.0
24351 363 1.0
7969 363 2.0
24355 363 2.0
16170 363 3.0
16184 363 5.0
16184 7611 1.0
24376 363 2.0
24390 363 2.0
24391 363 2.0
24391 615 4.0
48966 363 3.0
48999 1083 4.0
48999 363 5.0
40813 363 3.0
40822 363 1.0
40823 363 2.0
16260 11436 4.0
16260 363 2.0
8080 363 5.0
8080 615 5.0
8080 7611 4.0
16286 363 5.0
16286 659 4.0
49055 363 3.0
24483 363 1.0
24483 390 1.0
16297 1083 3.0
16297 363 4.0
16305 11436 5.0
16305 363 4.0
16305 390 5.0
32691 363 2.0
16312 363 2.0
24508 363 5.0
24508 659 5.0
49084 363 4.0
49084 390 5.0
49089 363 3.0
32725 363 3.0
24537 363 1.0
16354 363 2.0
16354 659 4.0
16365 363 2.0
49134 363 3.0
49134 615 5.0
-1 1083 5.0
-1 363 5.0
-1 660 5.0
-2 363 1
-2 659 1
-2 390 1
-2 615 1
-2 660 1
-2 2810 1
-2 11436 1
-2 7611 1
-2 1083 1
-2 6114 1
-3 363 1
-3 659 1
-3 390 1
-3 615 1
-3 660 1
-3 2810 1
-3 11436 1
-3 7611 1
-3 1083 1
-3 6114 1
-4 363 1
-4 659 1
-4 390 1
-4 615 1
-4 660 1
-4 2810 1
-4 11436 1
-4 7611 1
-4 1083 1
-4 6114 1
-5 363 1
-5 659 1
-5 390 1
-5 615 1
-5 660 1
-5 2810 1
-5 11436 1
-5 7611 1
-5 1083 1
-5 6114 1
-6 363 1
-6 659 1
-6 390 1
-6 615 1
-6 660 1
-6 2810 1
-6 11436 1
-6 7611 1
-6 1083 1
-6 6114 1
-7 363 1
-7 659 1
-7 390 1
-7 615 1
-7 660 1
-7 2810 1
-7 11436 1
-7 7611 1
-7 1083 1
-7 6114 1
-8 363 1
-8 659 1
-8 390 1
-8 615 1
-8 660 1
-8 2810 1
-8 11436 1
-8 7611 1
-8 1083 1
-8 6114 1
-9 363 1
-9 659 1
-9 390 1
-9 615 1
-9 660 1
-9 2810 1
-9 11436 1
-9 7611 1
-9 1083 1
-9 6114 1
-10 363 1
-10 659 1
-10 390 1
-10 615 1
-10 660 1
-10 2810 1
-10 11436 1
-10 7611 1
-10 1083 1
-10 6114 1
-11 363 1
-11 659 1
-11 390 1
-11 615 1
-11 660 1
-11 2810 1
-11 11436 1
-11 7611 1
-11 1083 1
-11 6114 1
-12 363 1
-12 659 1
-12 390 1
-12 615 1
-12 660 1
-12 2810 1
-12 11436 1
-12 7611 1
-12 1083 1
-12 6114 1
-13 363 1
-13 659 1
-13 390 1
-13 615 1
-13 660 1
-13 2810 1
-13 11436 1
-13 7611 1
-13 1083 1
-13 6114 1
-14 363 1
-14 659 1
-14 390 1
-14 615 1
-14 660 1
-14 2810 1
-14 11436 1
-14 7611 1
-14 1083 1
-14 6114 1
-15 363 1
-15 659 1
-15 390 1
-15 615 1
-15 660 1
-15 2810 1
-15 11436 1
-15 7611 1
-15 1083 1
-15 6114 1
-16 363 1
-16 659 1
-16 390 1
-16 615 1
-16 660 1
-16 2810 1
-16 11436 1
-16 7611 1
-16 1083 1
-16 6114 1
-17 363 1
-17 659 1
-17 390 1
-17 615 1
-17 660 1
-17 2810 1
-17 11436 1
-17 7611 1
-17 1083 1
-17 6114 1
-18 363 1
-18 659 1
-18 390 1
-18 615 1
-18 660 1
-18 2810 1
-18 11436 1
-18 7611 1
-18 1083 1
-18 6114 1
-19 363 1
-19 659 1
-19 390 1
-19 615 1
-19 660 1
-19 2810 1
-19 11436 1
-19 7611 1
-19 1083 1
-19 6114 1
-20 363 1
-20 659 1
-20 390 1
-20 615 1
-20 660 1
-20 2810 1
-20 11436 1
-20 7611 1
-20 1083 1
-20 6114 1
-21 363 1
-21 659 1
-21 390 1
-21 615 1
-21 660 1
-21 2810 1
-21 11436 1
-21 7611 1
-21 1083 1
-21 6114 1
-22 363 1
-22 659 1
-22 390 1
-22 615 1
-22 660 1
-22 2810 1
-22 11436 1
-22 7611 1
-22 1083 1
-22 6114 1
-23 363 1
-23 659 1
-23 390 1
-23 615 1
-23 660 1
-23 2810 1
-23 11436 1
-23 7611 1
-23 1083 1
-23 6114 1
-24 363 1
-24 659 1
-24 390 1
-24 615 1
-24 660 1
-24 2810 1
-24 11436 1
-24 7611 1
-24 1083 1
-24 6114 1
-25 363 1
-25 659 1
-25 390 1
-25 615 1
-25 660 1
-25 2810 1
-25 11436 1
-25 7611 1
-25 1083 1
-25 6114 1
-26 363 1
-26 659 1
-26 390 1
-26 615 1
-26 660 1
-26 2810 1
-26 11436 1
-26 7611 1
-26 1083 1
-26 6114 1
-27 363 1
-27 659 1
-27 390 1
-27 615 1
-27 660 1
-27 2810 1
-27 11436 1
-27 7611 1
-27 1083 1
-27 6114 1
-28 363 1
-28 659 1
-28 390 1
-28 615 1
-28 660 1
-28 2810 1
-28 11436 1
-28 7611 1
-28 1083 1
-28 6114 1
-29 363 1
-29 659 1
-29 390 1
-29 615 1
-29 660 1
-29 2810 1
-29 11436 1
-29 7611 1
-29 1083 1
-29 6114 1
-30 363 1
-30 659 1
-30 390 1
-30 615 1
-30 660 1
-30 2810 1
-30 11436 1
-30 7611 1
-30 1083 1
-30 6114 1
-31 363 1
-31 659 1
-31 390 1
-31 615 1
-31 660 1
-31 2810 1
-31 11436 1
-31 7611 1
-31 1083 1
-31 6114 1
-32 363 1
-32 659 1
-32 390 1
-32 615 1
-32 660 1
-32 2810 1
-32 11436 1
-32 7611 1
-32 1083 1
-32 6114 1
-33 363 1
-33 659 1
-33 390 1
-33 615 1
-33 660 1
-33 2810 1
-33 11436 1
-33 7611 1
-33 1083 1
-33 6114 1
-34 363 1
-34 659 1
-34 390 1
-34 615 1
-34 660 1
-34 2810 1
-34 11436 1
-34 7611 1
-34 1083 1
-34 6114 1
-35 363 1
-35 659 1
-35 390 1
-35 615 1
-35 660 1
-35 2810 1
-35 11436 1
-35 7611 1
-35 1083 1
-35 6114 1
-36 363 1
-36 659 1
-36 390 1
-36 615 1
-36 660 1
-36 2810 1
-36 11436 1
-36 7611 1
-36 1083 1
-36 6114 1
-37 363 1
-37 659 1
-37 390 1
-37 615 1
-37 660 1
-37 2810 1
-37 11436 1
-37 7611 1
-37 1083 1
-37 6114 1
-38 363 1
-38 659 1
-38 390 1
-38 615 1
-38 660 1
-38 2810 1
-38 11436 1
-38 7611 1
-38 1083 1
-38 6114 1
-39 363 1
-39 659 1
-39 390 1
-39 615 1
-39 660 1
-39 2810 1
-39 11436 1
-39 7611 1
-39 1083 1
-39 6114 1
-40 363 1
-40 659 1
-40 390 1
-40 615 1
-40 660 1
-40 2810 1
-40 11436 1
-40 7611 1
-40 1083 1
-40 6114 1
-41 363 1
-41 659 1
-41 390 1
-41 615 1
-41 660 1
-41 2810 1
-41 11436 1
-41 7611 1
-41 1083 1
-41 6114 1
-42 363 1
-42 659 1
-42 390 1
-42 615 1
-42 660 1
-42 2810 1
-42 11436 1
-42 7611 1
-42 1083 1
-42 6114 1
-43 363 1
-43 659 1
-43 390 1
-43 615 1
-43 660 1
-43 2810 1
-43 11436 1
-43 7611 1
-43 1083 1
-43 6114 1
-44 363 1
-44 659 1
-44 390 1
-44 615 1
-44 660 1
-44 2810 1
-44 11436 1
-44 7611 1
-44 1083 1
-44 6114 1
-45 363 1
-45 659 1
-45 390 1
-45 615 1
-45 660 1
-45 2810 1
-45 11436 1
-45 7611 1
-45 1083 1
-45 6114 1
-46 363 1
-46 659 1
-46 390 1
-46 615 1
-46 660 1
-46 2810 1
-46 11436 1
-46 7611 1
-46 1083 1
-46 6114 1
-47 363 1
-47 659 1
-47 390 1
-47 615 1
-47 660 1
-47 2810 1
-47 11436 1
-47 7611 1
-47 1083 1
-47 6114 1
-48 363 1
-48 659 1
-48 390 1
-48 615 1
-48 660 1
-48 2810 1
-48 11436 1
-48 7611 1
-48 1083 1
-48 6114 1
-49 363 1
-49 659 1
-49 390 1
-49 615 1
-49 660 1
-49 2810 1
-49 11436 1
-49 7611 1
-49 1083 1
-49 6114 1
-50 363 1
-50 659 1
-50 390 1
-50 615 1
-50 660 1
-50 2810 1
-50 11436 1
-50 7611 1
-50 1083 1
-50 6114 1
-51 363 1
-51 659 1
-51 390 1
-51 615 1
-51 660 1
-51 2810 1
-51 11436 1
-51 7611 1
-51 1083 1
-51 6114 1
-52 363 1
-52 659 1
-52 390 1
-52 615 1
-52 660 1
-52 2810 1
-52 11436 1
-52 7611 1
-52 1083 1
-52 6114 1
-53 363 1
-53 659 1
-53 390 1
-53 615 1
-53 660 1
-53 2810 1
-53 11436 1
-53 7611 1
-53 1083 1
-53 6114 1
-54 363 1
-54 659 1
-54 390 1
-54 615 1
-54 660 1
-54 2810 1
-54 11436 1
-54 7611 1
-54 1083 1
-54 6114 1
-55 363 1
-55 659 1
-55 390 1
-55 615 1
-55 660 1
-55 2810 1
-55 11436 1
-55 7611 1
-55 1083 1
-55 6114 1
-56 363 1
-56 659 1
-56 390 1
-56 615 1
-56 660 1
-56 2810 1
-56 11436 1
-56 7611 1
-56 1083 1
-56 6114 1
-57 363 1
-57 659 1
-57 390 1
-57 615 1
-57 660 1
-57 2810 1
-57 11436 1
-57 7611 1
-57 1083 1
-57 6114 1
-58 363 1
-58 659 1
-58 390 1
-58 615 1
-58 660 1
-58 2810 1
-58 11436 1
-58 7611 1
-58 1083 1
-58 6114 1
-59 363 1
-59 659 1
-59 390 1
-59 615 1
-59 660 1
-59 2810 1
-59 11436 1
-59 7611 1
-59 1083 1
-59 6114 1
-60 363 1
-60 659 1
-60 390 1
-60 615 1
-60 660 1
-60 2810 1
-60 11436 1
-60 7611 1
-60 1083 1
-60 6114 1
-61 363 1
-61 659 1
-61 390 1
-61 615 1
-61 660 1
-61 2810 1
-61 11436 1
-61 7611 1
-61 1083 1
-61 6114 1
-62 363 1
-62 659 1
-62 390 1
-62 615 1
-62 660 1
-62 2810 1
-62 11436 1
-62 7611 1
-62 1083 1
-62 6114 1
-63 363 1
-63 659 1
-63 390 1
-63 615 1
-63 660 1
-63 2810 1
-63 11436 1
-63 7611 1
-63 1083 1
-63 6114 1
-64 363 1
-64 659 1
-64 390 1
-64 615 1
-64 660 1
-64 2810 1
-64 11436 1
-64 7611 1
-64 1083 1
-64 6114 1
-65 363 1
-65 659 1
-65 390 1
-65 615 1
-65 660 1
-65 2810 1
-65 11436 1
-65 7611 1
-65 1083 1
-65 6114 1
-66 363 1
-66 659 1
-66 390 1
-66 615 1
-66 660 1
-66 2810 1
-66 11436 1
-66 7611 1
-66 1083 1
-66 6114 1
-67 363 1
-67 659 1
-67 390 1
-67 615 1
-67 660 1
-67 2810 1
-67 11436 1
-67 7611 1
-67 1083 1
-67 6114 1
-68 363 1
-68 659 1
-68 390 1
-68 615 1
-68 660 1
-68 2810 1
-68 11436 1
-68 7611 1
-68 1083 1
-68 6114 1
-69 363 1
-69 659 1
-69 390 1
-69 615 1
-69 660 1
-69 2810 1
-69 11436 1
-69 7611 1
-69 1083 1
-69 6114 1
-70 363 1
-70 659 1
-70 390 1
-70 615 1
-70 660 1
-70 2810 1
-70 11436 1
-70 7611 1
-70 1083 1
-70 6114 1
-71 363 1
-71 659 1
-71 390 1
-71 615 1
-71 660 1
-71 2810 1
-71 11436 1
-71 7611 1
-71 1083 1
-71 6114 1
-72 363 1
-72 659 1
-72 390 1
-72 615 1
-72 660 1
-72 2810 1
-72 11436 1
-72 7611 1
-72 1083 1
-72 6114 1
-73 363 1
-73 659 1
-73 390 1
-73 615 1
-73 660 1
-73 2810 1
-73 11436 1
-73 7611 1
-73 1083 1
-73 6114 1
-74 363 1
-74 659 1
-74 390 1
-74 615 1
-74 660 1
-74 2810 1
-74 11436 1
-74 7611 1
-74 1083 1
-74 6114 1
-75 363 1
-75 659 1
-75 390 1
-75 615 1
-75 660 1
-75 2810 1
-75 11436 1
-75 7611 1
-75 1083 1
-75 6114 1
-76 363 1
-76 659 1
-76 390 1
-76 615 1
-76 660 1
-76 2810 1
-76 11436 1
-76 7611 1
-76 1083 1
-76 6114 1
-77 363 1
-77 659 1
-77 390 1
-77 615 1
-77 660 1
-77 2810 1
-77 11436 1
-77 7611 1
-77 1083 1
-77 6114 1
-78 363 1
-78 659 1
-78 390 1
-78 615 1
-78 660 1
-78 2810 1
-78 11436 1
-78 7611 1
-78 1083 1
-78 6114 1
-79 363 1
-79 659 1
-79 390 1
-79 615 1
-79 660 1
-79 2810 1
-79 11436 1
-79 7611 1
-79 1083 1
-79 6114 1
-80 363 1
-80 659 1
-80 390 1
-80 615 1
-80 660 1
-80 2810 1
-80 11436 1
-80 7611 1
-80 1083 1
-80 6114 1
-81 363 1
-81 659 1
-81 390 1
-81 615 1
-81 660 1
-81 2810 1
-81 11436 1
-81 7611 1
-81 1083 1
-81 6114 1
-82 363 1
-82 659 1
-82 390 1
-82 615 1
-82 660 1
-82 2810 1
-82 11436 1
-82 7611 1
-82 1083 1
-82 6114 1
-83 363 1
-83 659 1
-83 390 1
-83 615 1
-83 660 1
-83 2810 1
-83 11436 1
-83 7611 1
-83 1083 1
-83 6114 1
-84 363 1
-84 659 1
-84 390 1
-84 615 1
-84 660 1
-84 2810 1
-84 11436 1
-84 7611 1
-84 1083 1
-84 6114 1
-85 363 1
-85 659 1
-85 390 1
-85 615 1
-85 660 1
-85 2810 1
-85 11436 1
-85 7611 1
-85 1083 1
-85 6114 1
-86 363 1
-86 659 1
-86 390 1
-86 615 1
-86 660 1
-86 2810 1
-86 11436 1
-86 7611 1
-86 1083 1
-86 6114 1
-87 363 1
-87 659 1
-87 390 1
-87 615 1
-87 660 1
-87 2810 1
-87 11436 1
-87 7611 1
-87 1083 1
-87 6114 1
-88 363 1
-88 659 1
-88 390 1
-88 615 1
-88 660 1
-88 2810 1
-88 11436 1
-88 7611 1
-88 1083 1
-88 6114 1
-89 363 1
-89 659 1
-89 390 1
-89 615 1
-89 660 1
-89 2810 1
-89 11436 1
-89 7611 1
-89 1083 1
-89 6114 1
-90 363 1
-90 659 1
-90 390 1
-90 615 1
-90 660 1
-90 2810 1
-90 11436 1
-90 7611 1
-90 1083 1
-90 6114 1
-91 363 1
-91 659 1
-91 390 1
-91 615 1
-91 660 1
-91 2810 1
-91 11436 1
-91 7611 1
-91 1083 1
-91 6114 1
-92 363 1
-92 659 1
-92 390 1
-92 615 1
-92 660 1
-92 2810 1
-92 11436 1
-92 7611 1
-92 1083 1
-92 6114 1
-93 363 1
-93 659 1
-93 390 1
-93 615 1
-93 660 1
-93 2810 1
-93 11436 1
-93 7611 1
-93 1083 1
-93 6114 1
-94 363 1
-94 659 1
-94 390 1
-94 615 1
-94 660 1
-94 2810 1
-94 11436 1
-94 7611 1
-94 1083 1
-94 6114 1
-95 363 1
-95 659 1
-95 390 1
-95 615 1
-95 660 1
-95 2810 1
-95 11436 1
-95 7611 1
-95 1083 1
-95 6114 1
-96 363 1
-96 659 1
-96 390 1
-96 615 1
-96 660 1
-96 2810 1
-96 11436 1
-96 7611 1
-96 1083 1
-96 6114 1
-97 363 1
-97 659 1
-97 390 1
-97 615 1
-97 660 1
-97 2810 1
-97 11436 1
-97 7611 1
-97 1083 1
-97 6114 1
-98 363 1
-98 659 1
-98 390 1
-98 615 1
-98 660 1
-98 2810 1
-98 11436 1
-98 7611 1
-98 1083 1
-98 6114 1
-99 363 1
-99 659 1
-99 390 1
-99 615 1
-99 660 1
-99 2810 1
-99 11436 1
-99 7611 1
-99 1083 1
-99 6114 1
-100 363 1
-100 659 1
-100 390 1
-100 615 1
-100 660 1
-100 2810 1
-100 11436 1
-100 7611 1
-100 1083 1
-100 6114 1
-101 363 1
-101 659 1
-101 390 1
-101 615 1
-101 660 1
-101 2810 1
-101 11436 1
-101 7611 1
-101 1083 1
-101 6114 1
-102 363 1
-102 659 1
-102 390 1
-102 615 1
-102 660 1
-102 2810 1
-102 11436 1
-102 7611 1
-102 1083 1
-102 6114 1
-103 363 1
-103 659 1
-103 390 1
-103 615 1
-103 660 1
-103 2810 1
-103 11436 1
-103 7611 1
-103 1083 1
-103 6114 1
-104 363 1
-104 659 1
-104 390 1
-104 615 1
-104 660 1
-104 2810 1
-104 11436 1
-104 7611 1
-104 1083 1
-104 6114 1
-105 363 1
-105 659 1
-105 390 1
-105 615 1
-105 660 1
-105 2810 1
-105 11436 1
-105 7611 1
-105 1083 1
-105 6114 1
-106 363 1
-106 659 1
-106 390 1
-106 615 1
-106 660 1
-106 2810 1
-106 11436 1
-106 7611 1
-106 1083 1
-106 6114 1
-107 363 1
-107 659 1
-107 390 1
-107 615 1
-107 660 1
-107 2810 1
-107 11436 1
-107 7611 1
-107 1083 1
-107 6114 1
-108 363 1
-108 659 1
-108 390 1
-108 615 1
-108 660 1
-108 2810 1
-108 11436 1
-108 7611 1
-108 1083 1
-108 6114 1
-109 363 1
-109 659 1
-109 390 1
-109 615 1
-109 660 1
-109 2810 1
-109 11436 1
-109 7611 1
-109 1083 1
-109 6114 1
-110 363 1
-110 659 1
-110 390 1
-110 615 1
-110 660 1
-110 2810 1
-110 11436 1
-110 7611 1
-110 1083 1
-110 6114 1
-111 363 1
-111 659 1
-111 390 1
-111 615 1
-111 660 1
-111 2810 1
-111 11436 1
-111 7611 1
-111 1083 1
-111 6114 1
-112 363 1
-112 659 1
-112 390 1
-112 615 1
-112 660 1
-112 2810 1
-112 11436 1
-112 7611 1
-112 1083 1
-112 6114 1
-113 363 1
-113 659 1
-113 390 1
-113 615 1
-113 660 1
-113 2810 1
-113 11436 1
-113 7611 1
-113 1083 1
-113 6114 1
-114 363 1
-114 659 1
-114 390 1
-114 615 1
-114 660 1
-114 2810 1
-114 11436 1
-114 7611 1
-114 1083 1
-114 6114 1
-115 363 1
-115 659 1
-115 390 1
-115 615 1
-115 660 1
-115 2810 1
-115 11436 1
-115 7611 1
-115 1083 1
-115 6114 1
-116 363 1
-116 659 1
-116 390 1
-116 615 1
-116 660 1
-116 2810 1
-116 11436 1
-116 7611 1
-116 1083 1
-116 6114 1
-117 363 1
-117 659 1
-117 390 1
-117 615 1
-117 660 1
-117 2810 1
-117 11436 1
-117 7611 1
-117 1083 1
-117 6114 1
-118 363 1
-118 659 1
-118 390 1
-118 615 1
-118 660 1
-118 2810 1
-118 11436 1
-118 7611 1
-118 1083 1
-118 6114 1
-119 363 1
-119 659 1
-119 390 1
-119 615 1
-119 660 1
-119 2810 1
-119 11436 1
-119 7611 1
-119 1083 1
-119 6114 1
-120 363 1
-120 659 1
-120 390 1
-120 615 1
-120 660 1
-120 2810 1
-120 11436 1
-120 7611 1
-120 1083 1
-120 6114 1
-121 363 1
-121 659 1
-121 390 1
-121 615 1
-121 660 1
-121 2810 1
-121 11436 1
-121 7611 1
-121 1083 1
-121 6114 1
-122 363 1
-122 659 1
-122 390 1
-122 615 1
-122 660 1
-122 2810 1
-122 11436 1
-122 7611 1
-122 1083 1
-122 6114 1
-123 363 1
-123 659 1
-123 390 1
-123 615 1
-123 660 1
-123 2810 1
-123 11436 1
-123 7611 1
-123 1083 1
-123 6114 1
-124 363 1
-124 659 1
-124 390 1
-124 615 1
-124 660 1
-124 2810 1
-124 11436 1
-124 7611 1
-124 1083 1
-124 6114 1
-125 363 1
-125 659 1
-125 390 1
-125 615 1
-125 660 1
-125 2810 1
-125 11436 1
-125 7611 1
-125 1083 1
-125 6114 1
-126 363 1
-126 659 1
-126 390 1
-126 615 1
-126 660 1
-126 2810 1
-126 11436 1
-126 7611 1
-126 1083 1
-126 6114 1
-127 363 1
-127 659 1
-127 390 1
-127 615 1
-127 660 1
-127 2810 1
-127 11436 1
-127 7611 1
-127 1083 1
-127 6114 1
-128 363 1
-128 659 1
-128 390 1
-128 615 1
-128 660 1
-128 2810 1
-128 11436 1
-128 7611 1
-128 1083 1
-128 6114 1
-129 363 1
-129 659 1
-129 390 1
-129 615 1
-129 660 1
-129 2810 1
-129 11436 1
-129 7611 1
-129 1083 1
-129 6114 1
-130 363 1
-130 659 1
-130 390 1
-130 615 1
-130 660 1
-130 2810 1
-130 11436 1
-130 7611 1
-130 1083 1
-130 6114 1
-131 363 1
-131 659 1
-131 390 1
-131 615 1
-131 660 1
-131 2810 1
-131 11436 1
-131 7611 1
-131 1083 1
-131 6114 1
-132 363 1
-132 659 1
-132 390 1
-132 615 1
-132 660 1
-132 2810 1
-132 11436 1
-132 7611 1
-132 1083 1
-132 6114 1
-133 363 1
-133 659 1
-133 390 1
-133 615 1
-133 660 1
-133 2810 1
-133 11436 1
-133 7611 1
-133 1083 1
-133 6114 1
-134 363 1
-134 659 1
-134 390 1
-134 615 1
-134 660 1
-134 2810 1
-134 11436 1
-134 7611 1
-134 1083 1
-134 6114 1
-135 363 1
-135 659 1
-135 390 1
-135 615 1
-135 660 1
-135 2810 1
-135 11436 1
-135 7611 1
-135 1083 1
-135 6114 1
-136 363 1
-136 659 1
-136 390 1
-136 615 1
-136 660 1
-136 2810 1
-136 11436 1
-136 7611 1
-136 1083 1
-136 6114 1
-137 363 1
-137 659 1
-137 390 1
-137 615 1
-137 660 1
-137 2810 1
-137 11436 1
-137 7611 1
-137 1083 1
-137 6114 1
-138 363 1
-138 659 1
-138 390 1
-138 615 1
-138 660 1
-138 2810 1
-138 11436 1
-138 7611 1
-138 1083 1
-138 6114 1
-139 363 1
-139 659 1
-139 390 1
-139 615 1
-139 660 1
-139 2810 1
-139 11436 1
-139 7611 1
-139 1083 1
-139 6114 1
-140 363 1
-140 659 1
-140 390 1
-140 615 1
-140 660 1
-140 2810 1
-140 11436 1
-140 7611 1
-140 1083 1
-140 6114 1
-141 363 1
-141 659 1
-141 390 1
-141 615 1
-141 660 1
-141 2810 1
-141 11436 1
-141 7611 1
-141 1083 1
-141 6114 1
-142 363 1
-142 659 1
-142 390 1
-142 615 1
-142 660 1
-142 2810 1
-142 11436 1
-142 7611 1
-142 1083 1
-142 6114 1
-143 363 1
-143 659 1
-143 390 1
-143 615 1
-143 660 1
-143 2810 1
-143 11436 1
-143 7611 1
-143 1083 1
-143 6114 1
-144 363 1
-144 659 1
-144 390 1
-144 615 1
-144 660 1
-144 2810 1
-144 11436 1
-144 7611 1
-144 1083 1
-144 6114 1
-145 363 1
-145 659 1
-145 390 1
-145 615 1
-145 660 1
-145 2810 1
-145 11436 1
-145 7611 1
-145 1083 1
-145 6114 1
-146 363 1
-146 659 1
-146 390 1
-146 615 1
-146 660 1
-146 2810 1
-146 11436 1
-146 7611 1
-146 1083 1
-146 6114 1
-147 363 1
-147 659 1
-147 390 1
-147 615 1
-147 660 1
-147 2810 1
-147 11436 1
-147 7611 1
-147 1083 1
-147 6114 1
-148 363 1
-148 659 1
-148 390 1
-148 615 1
-148 660 1
-148 2810 1
-148 11436 1
-148 7611 1
-148 1083 1
-148 6114 1
-149 363 1
-149 659 1
-149 390 1
-149 615 1
-149 660 1
-149 2810 1
-149 11436 1
-149 7611 1
-149 1083 1
-149 6114 1
-150 363 1
-150 659 1
-150 390 1
-150 615 1
-150 660 1
-150 2810 1
-150 11436 1
-150 7611 1
-150 1083 1
-150 6114 1
-151 363 1
-151 659 1
-151 390 1
-151 615 1
-151 660 1
-151 2810 1
-151 11436 1
-151 7611 1
-151 1083 1
-151 6114 1
