8194 363 1
5 363 3
16390 363 4
24584 363 1
40970 363 2
40971 363 1
16 363 3
46 363 2
48 363 3
32820 363 4
32822 363 1
56 363 3
65 363 3
73 363 3
74 363 5
16458 363 1
32850 363 4
32853 363 2
87 363 5
24664 363 3
16479 363 2
41056 363 1
49252 363 3
24689 363 5
41073 363 1
128 363 1
8329 363 4
24715 363 3
8333 363 2
142 363 2
8335 363 2
24722 363 5
24724 363 4
16537 363 2
16543 363 3
8357 363 2
24746 363 1
24747 363 1
177 363 3
181 363 2
32949 363 3
16582 363 1
202 363 1
16588 363 3
16590 363 4
207 363 5
16594 363 2
8406 363 1
16600 363 1
218 363 2
8415 363 3
16609 363 4
226 363 3
33004 363 2
238 363 2
243 363 2
244 363 4
245 363 4
249 363 2
24826 363 1
16641 363 1
265 363 2
8457 363 1
273 363 3
282 363 1
304 363 2
16688 363 2
8499 363 2
16693 363 4
8507 363 5
16700 363 5
24895 363 4
16705 363 1
24897 363 3
324 363 2
8519 363 1
16713 363 1
333 363 4
24911 363 3
338 363 2
8530 363 2
348 363 5
41320 363 1
8555 363 3
8562 363 1
24950 363 1
375 363 3
8570 363 1
16769 363 2
387 363 4
16772 363 5
389 363 3
391 363 5
8584 363 5
16778 363 1
41355 363 3
405 363 4
8597 363 4
408 363 3
16792 363 1
8604 363 4
8606 363 3
8607 363 2
16798 363 1
8611 363 1
420 363 2
16804 363 1
8614 363 2
33191 363 5
16808 363 1
33192 363 1
8619 363 3
16813 363 1
8626 363 1
41395 363 2
438 363 3
445 363 2
8639 363 1
41408 363 5
16835 363 2
41415 363 1
16844 363 2
16845 363 2
8654 363 1
471 363 3
473 363 3
484 363 5
486 363 2
487 363 2
8678 363 2
490 363 5
8688 363 4
8691 363 1
501 363 1
8694 363 2
8698 363 5
508 363 2
8701 363 2
16899 363 2
517 363 2
16909 363 1
16910 363 1
16914 363 1
16916 363 3
533 363 3
8725 363 4
16917 363 1
536 363 1
16921 363 1
16926 363 2
25123 363 4
8741 363 4
8745 363 5
8746 363 2
25130 363 5
561 363 3
16946 363 2
565 363 1
25143 363 5
8768 363 2
16961 363 1
8770 363 2
580 363 2
25162 363 3
25170 363 3
8787 363 5
25173 363 2
33365 363 4
25180 363 2
612 363 1
25188 363 3
33382 363 1
8809 363 3
25193 363 2
25195 363 3
41579 363 1
41580 363 4
17007 363 1
17009 363 2
17012 363 3
17013 363 4
17015 363 2
17018 363 4
33402 363 3
17023 363 2
17026 363 2
25221 363 1
646 363 4
17030 363 3
17043 363 4
17044 363 2
661 363 1
8855 363 4
664 363 4
670 363 1
41630 363 5
17057 363 2
17060 363 3
681 363 2
8878 363 2
25263 363 2
17076 363 3
695 363 1
17079 363 5
17084 363 4
701 363 1
25279 363 2
705 363 2
707 363 2
17099 363 4
8912 363 4
25301 363 4
17113 363 3
17117 363 3
735 363 2
738 363 2
25317 363 1
17126 363 5
745 363 4
17129 363 1
17130 363 4
17133 363 1
758 363 3
17149 363 3
33537 363 5
773 363 3
775 363 1
8973 363 1
17165 363 1
783 363 1
8975 363 3
17167 363 1
787 363 3
8981 363 2
17176 363 5
8992 363 3
17187 363 4
17188 363 3
25381 363 1
25387 363 4
9011 363 5
9012 363 2
33588 363 1
25400 363 3
17210 363 5
17215 363 2
9024 363 4
17219 363 2
25411 363 2
41797 363 1
9031 363 1
17226 363 5
843 363 2
17232 363 2
9043 363 2
17241 363 2
33629 363 1
25440 363 1
25441 363 3
17259 363 4
17279 363 1
25472 363 3
897 363 4
17282 363 1
17288 363 4
17296 363 2
9108 363 2
17300 363 1
25492 363 3
923 363 4
25508 363 3
17327 363 3
9137 363 4
9138 363 2
17330 363 1
948 363 3
9145 363 1
962 363 5
41923 363 4
33733 363 4
9159 363 2
976 363 3
17360 363 1
978 363 4
17361 363 1
25559 363 1
9176 363 2
17371 363 1
994 363 5
996 363 4
33764 363 2
9197 363 3
1015 363 2
17400 363 2
1020 363 1
41984 363 3
1025 363 2
1027 363 2
9220 363 4
1029 363 2
1033 363 4
1034 363 2
17419 363 4
1036 363 2
9234 363 4
17429 363 2
9238 363 2
25622 363 5
25623 363 1
1050 363 2
1051 363 4
1052 363 5
1053 363 2
25626 363 2
1056 363 1
9248 363 5
17444 363 3
17447 363 2
1065 363 3
17450 363 3
17452 363 2
1071 363 4
1072 363 4
9270 363 5
42039 363 3
42040 363 3
9284 363 1
1094 363 1
17492 363 3
1109 363 1
1114 363 4
1129 363 2
1132 363 2
1137 363 3
1140 363 1
42103 363 1
17531 363 3
1149 363 2
9345 363 3
1154 363 5
9346 363 4
1161 363 2
1162 363 2
9360 363 2
9367 363 5
1183 363 1
25761 363 1
9382 363 1
1194 363 3
9399 363 2
9400 363 2
1215 363 4
42176 363 2
25799 363 3
1227 363 5
9420 363 2
1232 363 1
25809 363 2
42198 363 1
17637 363 2
25833 363 5
9458 363 2
42236 363 4
34050 363 2
9477 363 1
42250 363 1
9496 363 5
9498 363 2
1308 363 1
9501 363 3
34081 363 4
25895 363 1
17711 363 2
9524 363 1
17722 363 3
1343 363 1
1352 363 2
9544 363 2
1354 363 2
9545 363 2
9547 363 1
9551 363 3
1360 363 2
9552 363 1
9557 363 4
9568 363 5
42337 363 3
9570 363 2
9577 363 3
34159 363 3
25970 363 1
9588 363 1
42359 363 2
1400 363 3
1408 363 4
17793 363 1
9608 363 2
1427 363 2
34196 363 4
9621 363 2
9622 363 4
26008 363 3
17819 363 2
17820 363 3
17825 363 1
17826 363 1
9645 363 1
26038 363 2
26039 363 1
17857 363 3
9666 363 4
17872 363 5
42452 363 5
17879 363 4
17886 363 5
9702 363 1
1517 363 3
1518 363 5
17902 363 4
26095 363 2
17908 363 1
17911 363 2
9720 363 3
17917 363 2
1538 363 2
1542 363 3
17935 363 1
1558 363 2
9752 363 3
9758 363 1
9759 363 2
1569 363 3
17953 363 3
17954 363 1
1574 363 2
1575 363 4
9772 363 1
1582 363 3
9775 363 1
26158 363 4
1594 363 2
26171 363 4
9801 363 2
1611 363 3
1614 363 1
1616 363 2
9810 363 1
9814 363 1
1625 363 4
9823 363 1
18016 363 2
1634 363 2
9832 363 2
1641 363 3
1647 363 1
26225 363 2
9844 363 1
1653 363 1
1656 363 1
1657 363 3
9851 363 1
1660 363 2
9856 363 3
1667 363 1
9863 363 1
1677 363 5
18062 363 1
9879 363 1
9880 363 5
1689 363 4
18076 363 3
18078 363 1
1695 363 4
34462 363 1
9889 363 4
42659 363 1
18097 363 5
9906 363 4
1718 363 1
1719 363 4
1724 363 2
9922 363 4
42692 363 2
9926 363 1
26320 363 3
26330 363 2
9949 363 2
1764 363 1
9960 363 5
9961 363 2
9963 363 4
1773 363 2
9967 363 2
18160 363 3
9973 363 3
1782 363 5
42745 363 1
1786 363 3
1792 363 4
9985 363 4
9986 363 1
18180 363 5
9989 363 4
18185 363 2
18195 363 5
26399 363 1
42788 363 2
26408 363 1
26413 363 5
1845 363 3
1857 363 2
18245 363 2
1865 363 3
18250 363 1
18251 363 3
1869 363 3
1870 363 2
18256 363 1
34640 363 2
18258 363 3
18259 363 2
1878 363 1
42838 363 5
18268 363 2
1887 363 2
10081 363 1
10084 363 2
34661 363 2
1895 363 1
10088 363 2
42860 363 1
18286 363 4
10095 363 1
18290 363 2
1907 363 2
1910 363 3
1911 363 1
10104 363 1
18295 363 5
1916 363 1
10112 363 3
10113 363 3
1923 363 1
26499 363 5
1928 363 1
10120 363 2
18314 363 1
18315 363 3
26510 363 4
26511 363 5
18320 363 4
26513 363 3
1941 363 3
1942 363 3
1952 363 3
1960 363 2
10152 363 2
18349 363 2
1984 363 2
26561 363 1
42954 363 5
2000 363 3
2001 363 2
26576 363 3
10197 363 5
26584 363 3
2012 363 3
2014 363 5
2015 363 1
2016 363 1
18401 363 1
2018 363 4
2019 363 1
18402 363 4
26593 363 1
18406 363 3
2023 363 1
26595 363 1
18414 363 1
42991 363 4
26614 363 2
26616 363 1
2047 363 4
2049 363 1
26630 363 4
26631 363 3
34824 363 2
2062 363 1
2063 363 4
2065 363 5
2067 363 4
34836 363 1
18456 363 4
26652 363 4
34864 363 1
2097 363 4
2098 363 2
10292 363 3
18486 363 2
10302 363 1
26687 363 4
2123 363 5
10323 363 1
34900 363 4
2135 363 3
43096 363 1
34920 363 1
18538 363 3
18546 363 3
34930 363 5
18550 363 1
26746 363 2
18563 363 3
18566 363 1
18570 363 1
10380 363 1
2199 363 3
2208 363 2
26802 363 3
2227 363 2
2228 363 3
26804 363 3
2230 363 3
10424 363 1
2234 363 4
18619 363 1
2240 363 3
10437 363 5
2249 363 1
18636 363 3
18638 363 1
2257 363 2
18641 363 4
18644 363 2
35031 363 5
2268 363 5
10461 363 1
18656 363 1
43232 363 3
18661 363 1
18663 363 2
18665 363 1
2291 363 2
2298 363 4
35066 363 2
43259 363 1
35069 363 2
2302 363 2
18690 363 1
18691 363 5
43267 363 3
2315 363 5
10519 363 2
2347 363 4
2351 363 4
2356 363 2
2359 363 4
2360 363 4
2373 363 2
2374 363 1
18762 363 1
35147 363 1
2385 363 3
18773 363 1
2391 363 1
2392 363 3
10590 363 2
2400 363 3
10593 363 4
2402 363 2
10595 363 1
18785 363 2
26980 363 1
2406 363 4
35168 363 1
2413 363 2
35183 363 1
2416 363 3
2417 363 2
2418 363 2
2420 363 5
2422 363 4
10614 363 1
2428 363 4
10622 363 1
27007 363 1
27008 363 4
35204 363 2
2438 363 4
2440 363 4
10632 363 2
27016 363 2
10636 363 2
10642 363 1
2451 363 1
10646 363 1
10647 363 4
10652 363 2
10653 363 1
2464 363 2
18854 363 3
2474 363 5
10667 363 3
2476 363 1
10669 363 1
18858 363 4
10671 363 1
2480 363 3
27054 363 1
35251 363 3
10683 363 2
10686 363 1
2495 363 5
18879 363 3
27071 363 1
18886 363 1
10696 363 2
27081 363 1
2518 363 2
2524 363 4
43486 363 3
27105 363 2
10723 363 3
2532 363 1
27114 363 4
18923 363 1
18925 363 5
18927 363 1
2548 363 5
10742 363 1
2577 363 4
35355 363 4
10781 363 4
18974 363 1
27171 363 4
2597 363 4
18984 363 1
10805 363 3
18997 363 1
2615 363 2
2631 363 1
10823 363 2
19022 363 2
10837 363 1
2647 363 1
2649 363 2
35426 363 3
35427 363 2
10863 363 4
2683 363 2
10875 363 1
2687 363 4
2689 363 3
2699 363 2
2714 363 2
27290 363 4
19107 363 5
2730 363 1
19128 363 5
35524 363 1
2757 363 1
43720 363 2
10959 363 2
43740 363 2
2781 363 3
43751 363 5
10988 363 1
10989 363 4
2799 363 2
2802 363 3
2808 363 3
35577 363 5
2813 363 3
2814 363 5
11007 363 2
2816 363 4
2818 363 1
2819 363 1
27402 363 2
27404 363 5
2829 363 1
27408 363 3
19220 363 2
2839 363 1
11037 363 5
19229 363 4
27431 363 4
35626 363 2
27436 363 4
2862 363 1
43822 363 4
2864 363 2
11061 363 4
2873 363 3
11065 363 1
2875 363 3
2877 363 2
19265 363 1
35656 363 5
19273 363 3
35659 363 1
19280 363 5
11091 363 3
35672 363 1
11103 363 2
11104 363 2
11108 363 2
2918 363 5
11115 363 4
2925 363 2
11119 363 1
2932 363 2
11132 363 2
11133 363 3
43911 363 2
35723 363 1
19343 363 2
11155 363 3
35735 363 2
11160 363 1
2972 363 1
11168 363 2
2978 363 2
27556 363 3
2986 363 4
2992 363 2
19377 363 1
27569 363 1
2995 363 2
19380 363 1
2998 363 2
43959 363 1
3000 363 1
27578 363 4
19398 363 3
3015 363 2
11208 363 3
3030 363 2
3034 363 4
3036 363 3
3037 363 4
11234 363 1
11248 363 5
3058 363 1
44030 363 2
11271 363 1
19465 363 4
3088 363 5
11288 363 3
19482 363 5
3099 363 4
19485 363 4
11294 363 1
3104 363 1
19492 363 3
3110 363 5
27686 363 1
27691 363 5
3116 363 1
3123 363 1
3135 363 4
3145 363 2
3148 363 4
19532 363 4
19541 363 1
3178 363 1
11371 363 3
11372 363 2
35950 363 2
11381 363 1
19576 363 4
11389 363 2
11395 363 1
11401 363 2
27785 363 1
27786 363 1
11404 363 5
3214 363 2
19602 363 2
27804 363 1
3229 363 1
27805 363 1
3231 363 4
27806 363 1
44198 363 4
3250 363 3
19648 363 5
36045 363 3
11471 363 2
11472 363 4
11473 363 2
27856 363 1
11479 363 1
3288 363 1
3289 363 1
36059 363 3
3292 363 5
36061 363 5
36066 363 3
36071 363 4
36072 363 1
3305 363 1
3309 363 3
27890 363 4
19701 363 1
3320 363 2
27898 363 3
3328 363 2
3330 363 4
3331 363 4
44297 363 5
19724 363 5
3341 363 5
3353 363 1
3355 363 4
3356 363 5
19742 363 1
3359 363 5
19744 363 5
3367 363 3
19754 363 3
11563 363 2
11564 363 1
19764 363 3
27960 363 1
11579 363 2
11580 363 1
19774 363 1
3416 363 4
11612 363 4
27998 363 4
3430 363 4
3436 363 4
3437 363 1
19820 363 2
28014 363 5
19824 363 2
44396 363 5
19826 363 3
3443 363 1
19828 363 3
36212 363 5
3446 363 2
3447 363 3
11638 363 4
11645 363 1
3457 363 1
3460 363 5
3463 363 1
28040 363 2
11662 363 4
11666 363 3
36242 363 2
11669 363 2
44438 363 3
3480 363 1
3481 363 3
11672 363 4
11673 363 2
36250 363 2
3488 363 1
28067 363 5
3493 363 3
11686 363 2
19877 363 1
3501 363 2
11699 363 4
3508 363 1
11700 363 1
19897 363 4
3516 363 3
19908 363 4
3526 363 4
19911 363 1
3530 363 5
19914 363 5
19915 363 5
3534 363 5
3537 363 3
19923 363 5
11735 363 1
28120 363 1
28126 363 2
11745 363 1
3554 363 1
3555 363 3
19939 363 2
3557 363 1
28139 363 1
11757 363 1
19955 363 3
19958 363 2
3583 363 4
28160 363 2
28164 363 1
3592 363 3
3594 363 1
19984 363 3
3604 363 1
3611 363 4
19995 363 4
3614 363 3
20004 363 1
3627 363 4
3628 363 2
28213 363 3
20039 363 3
11853 363 2
44621 363 1
20048 363 4
11857 363 3
11858 363 1
20055 363 2
3672 363 2
20066 363 4
11876 363 2
20074 363 2
3691 363 2
20079 363 1
44659 363 2
36468 363 2
3702 363 4
20086 363 4
28285 363 3
3715 363 3
28291 363 5
3737 363 3
28314 363 2
3741 363 1
3750 363 2
3755 363 3
11967 363 1
36544 363 1
3782 363 5
28369 363 4
3796 363 3
11995 363 1
3805 363 1
3806 363 2
3807 363 2
3810 363 1
3812 363 4
3813 363 2
12004 363 1
12011 363 1
36595 363 1
3829 363 1
3843 363 4
12049 363 2
3870 363 1
12063 363 1
20272 363 4
36659 363 2
12084 363 1
3895 363 5
20282 363 1
12091 363 5
20284 363 4
20286 363 5
28479 363 4
3905 363 3
20304 363 1
28500 363 2
44886 363 1
3931 363 1
12128 363 1
20323 363 4
20331 363 2
12140 363 2
20341 363 4
3964 363 2
3969 363 3
12168 363 2
28556 363 1
28557 363 4
3983 363 4
3986 363 3
12181 363 1
36757 363 2
3991 363 4
3992 363 2
3999 363 1
4007 363 4
12203 363 1
20395 363 2
12219 363 4
44989 363 2
4032 363 2
4034 363 2
4046 363 1
20439 363 4
20440 363 3
4057 363 2
12259 363 1
20460 363 1
28658 363 3
45045 363 2
45051 363 2
4107 363 5
36892 363 1
45087 363 2
28707 363 4
20523 363 5
4168 363 5
4173 363 2
12371 363 1
4185 363 1
12378 363 1
4193 363 3
12390 363 3
36968 363 2
20585 363 3
12394 363 1
28784 363 3
12406 363 4
4215 363 5
20600 363 4
36987 363 1
36989 363 1
20614 363 4
20619 363 2
20620 363 4
12431 363 5
28817 363 2
4248 363 3
37017 363 1
37027 363 2
28837 363 5
20650 363 1
37043 363 1
45235 363 5
12483 363 4
20683 363 1
4301 363 2
28877 363 3
37078 363 2
28900 363 4
4331 363 2
4338 363 2
28914 363 3
12536 363 2
45318 363 2
4370 363 1
28953 363 2
4390 363 2
28966 363 3
12588 363 2
28972 363 2
28981 363 5
37175 363 2
4411 363 2
4417 363 1
12609 363 4
4419 363 1
4420 363 5
37185 363 2
12614 363 2
12617 363 1
29001 363 4
4430 363 3
20815 363 3
29007 363 1
37200 363 4
20818 363 2
20819 363 4
20822 363 5
12631 363 4
20823 363 2
12633 363 2
4442 363 1
4443 363 3
12637 363 5
12646 363 3
12648 363 4
4459 363 3
12652 363 1
12656 363 1
20849 363 1
12660 363 3
4469 363 5
12662 363 4
12671 363 4
4480 363 1
4482 363 4
4484 363 1
12676 363 4
12683 363 3
4494 363 5
12698 363 5
4507 363 5
37275 363 5
4510 363 2
29086 363 4
29087 363 4
4514 363 4
29094 363 5
4520 363 3
20905 363 1
4526 363 4
37294 363 2
4528 363 1
12724 363 2
12727 363 4
12730 363 3
29120 363 1
4552 363 4
4554 363 2
12749 363 1
12751 363 1
12756 363 3
4572 363 2
37341 363 5
29161 363 1
12780 363 5
45550 363 2
12783 363 1
29169 363 3
37363 363 3
12792 363 2
37368 363 2
12794 363 5
4610 363 1
29188 363 1
12805 363 1
20997 363 2
4616 363 2
4620 363 5
12815 363 2
12817 363 1
37394 363 2
37395 363 3
4634 363 2
4638 363 1
4644 363 3
12846 363 2
4664 363 2
4668 363 2
29251 363 5
4677 363 5
29257 363 3
12874 363 4
21068 363 4
4689 363 3
12890 363 2
29276 363 1
45661 363 1
45662 363 1
29279 363 2
12899 363 3
12900 363 1
29296 363 5
37488 363 3
45683 363 5
29304 363 1
29307 363 1
4732 363 1
21116 363 2
4734 363 3
21117 363 3
4736 363 2
29310 363 2
29314 363 2
45697 363 4
29316 363 1
29317 363 1
37510 363 3
29320 363 1
29323 363 1
29325 363 2
12945 363 4
29329 363 1
21140 363 2
29335 363 1
4764 363 5
12963 363 1
12969 363 5
4780 363 1
4783 363 2
12980 363 5
37560 363 2
4793 363 3
21177 363 1
12987 363 3
37562 363 1
4799 363 5
4800 363 4
12992 363 3
29378 363 2
12995 363 1
12996 363 5
12997 363 3
29381 363 2
4809 363 2
13011 363 5
4829 363 1
29410 363 1
29411 363 1
13030 363 4
4839 363 4
4840 363 4
4842 363 1
13036 363 1
37614 363 2
29427 363 2
21236 363 2
29429 363 1
29430 363 1
4855 363 3
29431 363 2
4859 363 4
4861 363 1
21253 363 1
21257 363 2
21258 363 1
29458 363 2
29461 363 2
29462 363 1
13094 363 4
37671 363 5
21295 363 4
4914 363 2
4915 363 1
13113 363 2
13118 363 3
13120 363 4
13123 363 1
4934 363 3
13126 363 3
37707 363 3
13133 363 3
13135 363 5
4945 363 4
4949 363 2
13146 363 1
13154 363 1
4965 363 2
13157 363 1
13159 363 5
4968 363 1
13160 363 5
45928 363 1
13170 363 1
4980 363 2
4982 363 3
21381 363 2
4999 363 4
5008 363 1
29591 363 1
5029 363 4
13221 363 2
37799 363 2
5032 363 4
5040 363 5
5041 363 4
29617 363 3
5044 363 4
37813 363 2
46012 363 3
13247 363 3
5056 363 2
5057 363 4
29631 363 2
21444 363 2
21446 363 4
21452 363 2
29651 363 3
37850 363 1
5084 363 1
5086 363 2
13278 363 2
5099 363 4
5105 363 3
5109 363 1
5114 363 3
5118 363 2
21504 363 4
5121 363 2
5124 363 2
5128 363 2
5129 363 2
21514 363 2
29708 363 1
29709 363 3
37900 363 5
29721 363 1
5147 363 1
21532 363 4
21536 363 3
29737 363 2
29745 363 2
29746 363 2
37937 363 2
29749 363 4
21560 363 2
29752 363 3
29772 363 1
21587 363 1
5204 363 2
29784 363 2
37977 363 5
29791 363 1
5218 363 4
46178 363 1
5221 363 2
37990 363 1
29799 363 4
5225 363 1
29806 363 1
29811 363 3
5248 363 1
13442 363 2
5255 363 1
5259 363 1
13453 363 3
21652 363 1
5275 363 4
21664 363 4
5281 363 3
5284 363 1
21669 363 4
5290 363 2
5303 363 1
5304 363 5
46268 363 5
5310 363 3
29887 363 2
29893 363 3
29894 363 5
5320 363 3
29900 363 2
29902 363 5
5331 363 2
29907 363 1
29908 363 4
5334 363 4
29911 363 1
5337 363 5
5343 363 3
21729 363 1
13542 363 4
21735 363 1
5352 363 3
46310 363 4
21740 363 2
29932 363 3
5358 363 5
5359 363 3
29933 363 1
5364 363 4
21748 363 5
21750 363 3
5374 363 4
29953 363 1
46337 363 1
5381 363 2
5386 363 4
5390 363 3
21778 363 4
5399 363 1
21784 363 2
5413 363 3
46380 363 1
13613 363 1
46381 363 1
46382 363 1
13617 363 4
5427 363 1
21812 363 1
46388 363 4
5438 363 4
30018 363 4
5448 363 3
30043 363 1
21853 363 1
30054 363 3
5483 363 1
13680 363 1
21873 363 3
5495 363 2
21879 363 2
46457 363 1
5501 363 2
30082 363 1
13706 363 3
5516 363 3
5517 363 5
38293 363 4
5532 363 2
21918 363 4
13727 363 5
38303 363 1
38307 363 2
38308 363 4
21928 363 3
13741 363 2
5553 363 5
5560 363 1
30138 363 3
30146 363 5
21955 363 1
13764 363 1
38343 363 2
5576 363 1
13770 363 3
5579 363 3
5582 363 2
5584 363 2
21968 363 1
5586 363 4
5590 363 5
5600 363 5
21990 363 2
46582 363 1
5623 363 2
22008 363 1
5627 363 1
5636 363 4
13838 363 3
22037 363 1
5655 363 2
5661 363 1
13862 363 2
5672 363 4
30249 363 2
22060 363 4
5680 363 4
30263 363 3
5691 363 5
22077 363 1
5694 363 4
30273 363 5
13890 363 4
22090 363 4
5707 363 4
5712 363 1
38483 363 1
5716 363 3
5717 363 3
13908 363 4
5722 363 1
5725 363 1
5726 363 1
5728 363 3
5729 363 2
5734 363 5
5736 363 5
38508 363 4
38515 363 1
30326 363 4
38519 363 2
30334 363 1
13955 363 2
5780 363 4
22164 363 3
30357 363 4
5783 363 3
5786 363 4
22172 363 4
5789 363 2
38559 363 4
22177 363 5
5802 363 3
5804 363 1
5806 363 2
38574 363 4
38581 363 2
30393 363 1
5835 363 4
5866 363 1
5871 363 4
14069 363 1
5880 363 3
22266 363 1
22269 363 3
22270 363 2
22274 363 4
5893 363 4
5895 363 5
5898 363 2
5900 363 2
5907 363 3
5908 363 2
46874 363 1
5920 363 3
5922 363 1
38693 363 3
30506 363 5
5932 363 4
5937 363 1
38714 363 2
14140 363 1
5953 363 3
14150 363 1
22343 363 4
5961 363 1
14153 363 3
22345 363 1
14156 363 3
22349 363 1
5974 363 2
5976 363 4
14169 363 5
5978 363 5
14170 363 1
38753 363 5
22390 363 3
22395 363 4
30588 363 2
22397 363 1
22398 363 5
38779 363 2
6016 363 3
6023 363 3
14218 363 1
6027 363 4
6028 363 2
14222 363 5
14223 363 3
14224 363 2
14231 363 3
6045 363 4
22435 363 1
6053 363 2
6060 363 1
14259 363 2
6076 363 4
6081 363 4
30658 363 1
14276 363 3
22469 363 1
6086 363 1
6087 363 1
14281 363 2
6093 363 4
47067 363 1
6110 363 4
6118 363 1
6124 363 1
30702 363 1
6132 363 4
22517 363 2
6143 363 5
38911 363 3
6148 363 1
6151 363 5
6157 363 1
14349 363 1
30748 363 5
6176 363 4
30754 363 1
30759 363 1
22572 363 1
47153 363 2
30772 363 2
6198 363 4
22591 363 2
6215 363 1
6216 363 5
6217 363 5
22602 363 4
47177 363 1
6230 363 5
6232 363 4
6237 363 5
6246 363 1
22647 363 4
6266 363 1
6267 363 1
47232 363 2
14471 363 4
30858 363 1
39051 363 2
6295 363 3
47255 363 1
22682 363 4
22684 363 4
6301 363 1
22689 363 1
6307 363 5
6314 363 4
6325 363 3
6343 363 1
6353 363 5
6355 363 4
6360 363 5
14553 363 1
14564 363 4
6384 363 1
22769 363 3
30962 363 5
47362 363 1
22787 363 1
30985 363 1
22801 363 1
47387 363 2
6430 363 3
31021 363 1
39214 363 1
14643 363 2
22845 363 2
14681 363 2
31073 363 1
6511 363 1
6518 363 2
39287 363 3
39288 363 2
39317 363 5
6551 363 3
22949 363 2
22950 363 3
6568 363 1
31159 363 1
31161 363 2
22976 363 1
14796 363 2
6605 363 5
31180 363 4
31188 363 4
31189 363 1
14808 363 4
6619 363 1
14820 363 1
14825 363 1
23017 363 3
14827 363 1
14828 363 2
6639 363 1
39426 363 3
14859 363 4
23053 363 5
31260 363 2
6695 363 4
6700 363 5
14897 363 5
23095 363 3
14912 363 3
23111 363 1
31313 363 2
31330 363 5
23146 363 5
31339 363 2
23149 363 3
39536 363 2
23153 363 1
6776 363 4
39544 363 2
23165 363 4
14979 363 4
14987 363 1
39563 363 3
31377 363 4
31384 363 1
15004 363 1
23198 363 4
39597 363 2
15026 363 1
23222 363 2
47803 363 2
47805 363 2
6847 363 2
23241 363 4
15050 363 1
6863 363 1
6868 363 2
47860 363 3
6905 363 1
6908 363 1
47868 363 3
15106 363 2
15110 363 1
6930 363 4
6936 363 5
15131 363 1
23325 363 1
23330 363 4
23335 363 1
31533 363 2
6958 363 1
6959 363 5
23359 363 2
39745 363 2
6983 363 1
6984 363 2
39754 363 2
6992 363 2
15186 363 1
15189 363 2
15193 363 4
7010 363 3
7014 363 3
47976 363 1
7017 363 1
47983 363 1
7024 363 2
7026 363 5
7028 363 1
7032 363 5
31615 363 4
7041 363 3
31620 363 2
15241 363 1
7051 363 1
31630 363 3
31632 363 3
39824 363 5
39828 363 1
15253 363 3
15266 363 3
7075 363 2
31651 363 1
48042 363 4
15284 363 1
31668 363 2
23483 363 3
7102 363 1
7103 363 1
39870 363 3
7105 363 4
15306 363 3
31690 363 2
15310 363 4
15315 363 2
7125 363 2
7126 363 2
7127 363 3
15322 363 2
15323 363 4
15325 363 4
7136 363 2
15334 363 5
15337 363 3
15338 363 4
15339 363 5
23529 363 1
15342 363 4
15343 363 4
23536 363 4
31731 363 4
15351 363 5
7160 363 5
23549 363 2
23561 363 5
7179 363 4
23563 363 1
7187 363 2
48148 363 5
7191 363 4
15393 363 1
7202 363 2
39969 363 1
39970 363 2
23609 363 2
23623 363 3
23637 363 2
7260 363 1
40029 363 4
31848 363 4
15475 363 1
7289 363 1
23677 363 2
23679 363 1
40065 363 3
23689 363 2
7310 363 4
40080 363 3
7314 363 1
7324 363 5
23713 363 3
7332 363 4
7334 363 1
40104 363 2
7340 363 3
31916 363 4
15544 363 4
7354 363 2
15547 363 3
15550 363 2
7359 363 2
7360 363 3
7361 363 5
7362 363 2
7363 363 4
31939 363 2
31940 363 3
40131 363 4
7368 363 1
7369 363 2
15569 363 1
23761 363 1
23763 363 1
15576 363 5
15578 363 2
40157 363 4
15582 363 3
23789 363 2
15598 363 5
23797 363 5
7414 363 1
48391 363 2
32015 363 1
15638 363 1
23831 363 2
23835 363 1
23840 363 2
7458 363 3
15660 363 1
32048 363 5
15688 363 1
15689 363 1
23883 363 4
23885 363 3
48462 363 1
23892 363 2
7509 363 4
7511 363 3
7512 363 3
15704 363 3
48473 363 1
15708 363 5
15712 363 4
15714 363 5
15716 363 3
7525 363 1
7526 363 4
15737 363 3
7549 363 5
15746 363 2
23940 363 2
15749 363 3
7560 363 1
15755 363 4
15762 363 1
15763 363 3
7576 363 2
23961 363 3
7585 363 2
15778 363 3
15779 363 3
48547 363 2
23983 363 1
7610 363 1
15802 363 2
32191 363 5
32197 363 5
7626 363 4
15821 363 5
40397 363 5
15827 363 4
7637 363 1
24021 363 2
7640 363 2
7646 363 2
15840 363 1
7652 363 4
48617 363 1
40429 363 1
15874 363 1
15920 363 1
48702 363 5
15946 363 3
40529 363 1
40532 363 2
24153 363 2
24164 363 2
15975 363 3
24170 363 3
40580 363 2
32390 363 2
40582 363 1
40583 363 1
7820 363 1
40596 363 4
40598 363 1
24217 363 5
24223 363 1
24224 363 1
32415 363 4
32418 363 4
16041 363 1
24234 363 4
24236 363 1
24237 363 2
40630 363 2
40646 363 2
16075 363 1
40656 363 2
16091 363 1
24292 363 2
24296 363 2
16105 363 2
16118 363 3
32520 363 3
40712 363 2
32530 363 2
24347 363 2
24350 363 3
24351 363 1
7969 363 2
24355 363 2
16170 363 3
16184 363 5
24376 363 2
24390 363 2
24391 363 2
48966 363 3
48999 363 5
40813 363 3
40822 363 1
40823 363 2
16260 363 2
8080 363 5
16286 363 5
49055 363 3
24483 363 1
16297 363 4
16305 363 4
32691 363 2
16312 363 2
24508 363 5
49084 363 4
49089 363 3
32725 363 3
24537 363 1
16354 363 2
16365 363 2
49134 363 3