2064 817 5.0
2064 1728 5.0
2068 3024 4.0
2068 6691 5.0
2068 3649 4.0
2068 1728 5.0
2068 3777 4.0
2070 1728 5.0
29 3777 3.0
29 1728 3.0
31 1728 5.0
37 1728 5.0
38 1728 5.0
38 3649 4.0
41 1728 5.0
41 3024 5.0
41 6691 5.0
2095 1728 5.0
47 3777 5.0
47 832 4.0
47 6370 4.0
47 223 5.0
47 2135 4.0
47 1728 5.0
57 1728 5.0
57 6370 5.0
59 1728 5.0
59 6691 5.0
59 6370 4.0
68 6691 5.0
68 3024 5.0
68 223 4.0
68 6370 5.0
68 1728 3.0
69 1728 5.0
69 3024 5.0
69 3777 5.0
71 3777 5.0
71 1728 5.0
77 1728 4.0
2126 1728 5.0
2129 3024 4.0
2129 6691 4.0
2129 817 4.0
2129 1728 5.0
83 1728 5.0
83 3024 5.0
83 6370 4.0
2137 3024 5.0
2137 1728 5.0
2137 6691 5.0
95 1728 5.0
99 1728 4.0
99 6691 4.0
99 2135 4.0
103 1728 5.0
106 3777 5.0
106 223 5.0
106 1728 4.0
2155 1728 4.0
2155 6370 4.0
108 2135 5.0
108 6691 5.0
108 1728 5.0
109 1728 4.0
111 1728 4.0
111 3777 4.0
112 1728 5.0
112 6370 3.0
114 1728 4.0
2164 6691 5.0
2164 1728 4.0
118 2135 4.0
118 1728 5.0
118 223 4.0
118 3024 4.0
118 832 3.0
122 1728 5.0
2175 1728 4.0
2175 223 5.0
2175 2135 5.0
2175 3649 4.0
2182 817 5.0
2182 3649 4.0
2182 1728 5.0
144 1728 5.0
144 2135 4.0
2199 1728 4.0
154 3777 5.0
154 1728 5.0
154 2135 4.0
155 6370 4.0
155 3777 4.0
155 1728 4.0
155 223 4.0
160 832 5.0
160 1728 3.0
160 6370 5.0
160 3777 4.0
166 2135 5.0
166 1728 5.0
166 832 5.0
2217 1728 5.0
175 3777 5.0
175 1728 5.0
175 832 5.0
2225 1728 5.0
2229 1728 3.0
2229 223 5.0
2229 6370 3.0
2230 1728 5.0
2231 1728 5.0
2231 832 4.0
190 1728 4.0
197 1728 4.0
197 3649 4.0
197 6370 4.0
2246 1728 5.0
199 1728 3.0
211 3649 4.0
211 1728 3.0
212 6370 5.0
212 1728 4.0
212 6691 4.0
2263 1728 5.0
2268 1728 5.0
2271 1728 5.0
2272 1728 4.0
2273 1728 4.0
2273 6370 5.0
225 1728 5.0
225 3649 4.0
225 6691 5.0
226 1728 5.0
230 2135 3.0
230 6370 4.0
230 1728 4.0
2279 1728 5.0
2283 1728 5.0
2283 6370 5.0
2284 3649 4.0
2284 1728 5.0
2293 1728 5.0
2295 223 5.0
2295 1728 5.0
247 3024 5.0
247 3777 5.0
247 1728 3.0
255 1728 5.0
2304 1728 5.0
2304 2135 5.0
2304 3024 4.0
257 1728 4.0
257 2135 5.0
256 832 5.0
256 1728 5.0
259 1728 4.0
259 6691 3.0
259 223 4.0
2305 1728 5.0
2305 6370 4.0
2315 1728 5.0
2315 3777 4.0
2315 817 4.0
267 3024 3.0
267 1728 3.0
267 817 5.0
267 2135 3.0
2322 1728 5.0
2324 1728 5.0
2327 832 5.0
2327 1728 5.0
2327 3024 4.0
280 817 4.0
280 1728 4.0
2329 1728 5.0
2329 817 5.0
2329 832 5.0
2337 1728 3.0
2337 817 5.0
291 223 5.0
291 3024 5.0
291 1728 5.0
294 1728 4.0
294 817 4.0
300 1728 4.0
302 1728 4.0
302 832 5.0
302 3024 3.0
303 832 4.0
303 1728 4.0
307 2135 3.0
307 1728 5.0
307 832 4.0
2357 1728 5.0
2357 6370 5.0
2360 1728 5.0
2360 3649 3.0
2360 6370 4.0
2360 2135 5.0
2369 1728 4.0
2369 2135 5.0
322 2135 4.0
322 6691 5.0
322 817 5.0
322 223 5.0
322 1728 5.0
323 1728 5.0
323 3649 3.0
2373 6691 5.0
2373 1728 5.0
327 1728 5.0
327 2135 5.0
334 1728 4.0
334 3649 5.0
2386 3024 4.0
2386 1728 4.0
351 3649 4.0
351 6370 5.0
351 2135 5.0
351 223 5.0
351 1728 5.0
2401 1728 5.0
2403 6370 5.0
2403 3649 3.0
2403 1728 5.0
359 2135 5.0
359 1728 4.0
359 832 4.0
361 832 5.0
361 1728 4.0
2412 1728 4.0
371 1728 5.0
371 817 5.0
2423 1728 5.0
2424 1728 5.0
2425 1728 5.0
379 1728 5.0
383 1728 5.0
383 3649 4.0
2434 1728 5.0
388 3024 4.0
388 1728 3.0
2437 1728 4.0
2437 6691 5.0
396 1728 5.0
2446 1728 5.0
402 1728 5.0
402 223 5.0
407 832 4.0
407 1728 5.0
2455 1728 4.0
2457 2135 4.0
2457 1728 4.0
2457 6691 5.0
2457 3649 3.0
2457 817 5.0
412 3777 5.0
412 1728 5.0
412 3649 4.0
413 1728 4.0
413 2135 3.0
415 6370 5.0
415 1728 5.0
417 1728 4.0
417 2135 5.0
420 6691 5.0
420 1728 5.0
2482 223 5.0
2482 1728 5.0
2482 832 4.0
2487 223 3.0
2487 1728 5.0
443 3777 4.0
443 1728 5.0
443 2135 4.0
445 1728 4.0
453 1728 4.0
453 832 3.0
454 3777 5.0
454 1728 4.0
456 1728 5.0
457 1728 4.0
2506 3649 4.0
2506 1728 5.0
2507 3777 5.0
2507 1728 4.0
2507 6691 5.0
2509 1728 5.0
2512 1728 5.0
465 1728 4.0
2520 6691 5.0
2520 223 5.0
2520 1728 5.0
2521 3649 3.0
2521 1728 3.0
2522 223 5.0
2522 6691 5.0
2522 3649 3.0
2522 1728 5.0
2527 1728 5.0
2529 1728 5.0
2531 1728 5.0
2531 223 5.0
491 817 5.0
491 1728 5.0
2545 1728 5.0
2545 6370 3.0
2545 817 4.0
504 6370 4.0
504 1728 4.0
504 6691 5.0
510 832 4.0
510 1728 4.0
2559 1728 5.0
2559 3649 3.0
513 1728 5.0
2567 3649 3.0
2567 1728 3.0
2567 2135 3.0
522 3649 3.0
522 817 4.0
522 1728 5.0
2571 2135 3.0
2571 1728 4.0
2572 1728 4.0
2572 832 5.0
527 1728 4.0
527 2135 5.0
530 2135 5.0
530 1728 5.0
2579 832 5.0
2579 1728 5.0
536 3024 5.0
536 1728 5.0
536 3777 5.0
546 1728 5.0
546 3777 4.0
2596 1728 3.0
2603 6370 4.0
2603 1728 5.0
2603 6691 4.0
2603 3777 5.0
561 832 5.0
561 1728 5.0
561 223 5.0
2610 1728 5.0
2610 817 5.0
2610 2135 5.0
2612 1728 5.0
565 1728 5.0
2613 1728 4.0
2617 1728 5.0
2619 1728 5.0
2619 223 5.0
2624 1728 5.0
2624 6691 5.0
581 1728 5.0
581 6370 5.0
581 832 5.0
2630 1728 4.0
2630 6691 5.0
2632 1728 5.0
2632 223 5.0
2632 6691 5.0
2632 2135 4.0
589 1728 4.0
600 3024 4.0
600 6691 5.0
600 1728 4.0
2651 1728 4.0
2660 6691 5.0
2660 3777 5.0
2660 1728 4.0
612 1728 5.0
612 817 5.0
612 832 4.0
612 6691 5.0
2665 1728 5.0
626 817 4.0
626 1728 5.0
626 223 4.0
626 6370 5.0
632 1728 5.0
2689 1728 4.0
644 1728 5.0
644 2135 3.0
644 3777 5.0
2693 1728 5.0
2694 1728 5.0
645 832 4.0
645 1728 5.0
665 1728 5.0
665 832 3.0
665 817 5.0
665 2135 4.0
667 6370 4.0
667 832 5.0
667 1728 5.0
667 3777 5.0
674 1728 5.0
2727 3649 5.0
2727 1728 5.0
2727 3777 5.0
2735 817 3.0
2735 1728 4.0
2735 2135 3.0
2737 1728 5.0
2738 1728 5.0
2738 223 5.0
2740 6370 4.0
2740 1728 5.0
696 1728 5.0
696 832 4.0
699 1728 5.0
699 6370 4.0
699 817 3.0
700 1728 5.0
2752 1728 5.0
2752 3649 4.0
2753 6691 4.0
2753 1728 4.0
707 2135 5.0
707 1728 5.0
2757 1728 4.0
721 817 4.0
721 1728 5.0
2769 1728 5.0
2776 1728 5.0
731 3777 4.0
731 1728 5.0
731 832 4.0
731 817 4.0
2791 3777 5.0
2791 6691 5.0
2791 1728 5.0
2791 3024 5.0
757 1728 5.0
757 3649 3.0
757 6370 3.0
757 223 5.0
2813 6691 5.0
2813 1728 4.0
774 6370 5.0
774 1728 5.0
780 1728 4.0
780 817 4.0
2828 6370 3.0
2828 1728 4.0
2832 1728 5.0
2834 3777 4.0
2834 1728 5.0
798 6691 5.0
798 1728 5.0
798 3649 4.0
798 2135 3.0
798 6370 4.0
2851 1728 5.0
803 6370 5.0
803 6691 5.0
803 1728 5.0
805 6691 5.0
805 817 5.0
805 1728 5.0
2855 1728 5.0
2855 3777 3.0
2855 3024 4.0
812 1728 5.0
814 1728 5.0
2863 1728 5.0
823 832 5.0
823 6691 5.0
823 1728 5.0
823 3777 5.0
2873 1728 5.0
825 223 5.0
825 832 5.0
825 1728 5.0
825 3649 4.0
832 3649 4.0
832 1728 5.0
841 6370 4.0
841 1728 5.0
2892 1728 5.0
2892 832 5.0
2894 6691 5.0
2894 1728 4.0
2894 223 5.0
846 1728 4.0
848 1728 5.0
2900 1728 5.0
2900 6370 5.0
2900 223 5.0
2900 3649 3.0
2900 6691 5.0
2903 1728 5.0
863 6370 4.0
863 1728 5.0
868 1728 4.0
868 3024 5.0
868 6691 4.0
2918 1728 4.0
2923 2135 4.0
2923 1728 5.0
2923 817 5.0
875 1728 5.0
884 3649 5.0
884 1728 5.0
885 1728 5.0
2934 1728 4.0
2934 3024 3.0
2939 1728 4.0
2939 2135 3.0
893 1728 5.0
896 1728 5.0
896 3024 5.0
2948 2135 4.0
2948 3024 5.0
2948 1728 4.0
2957 1728 5.0
910 1728 4.0
910 817 5.0
910 223 5.0
910 3024 5.0
910 832 5.0
913 817 4.0
913 6691 5.0
913 2135 5.0
913 1728 5.0
913 223 5.0
2962 3024 5.0
2962 1728 5.0
2962 6691 5.0
2963 1728 4.0
2963 223 4.0
2963 6370 4.0
2963 817 5.0
2963 2135 4.0
917 1728 5.0
919 1728 5.0
921 6691 5.0
921 223 5.0
921 3649 4.0
921 1728 5.0
924 1728 5.0
924 223 5.0
924 817 5.0
2975 2135 3.0
2975 1728 4.0
928 3777 4.0
928 1728 5.0
2977 1728 5.0
2977 817 5.0
932 1728 4.0
932 3777 3.0
2989 223 5.0
2989 1728 4.0
2989 6691 5.0
2989 817 5.0
2989 832 4.0
2994 1728 5.0
956 1728 4.0
962 1728 4.0
3013 1728 4.0
3013 6691 5.0
965 1728 5.0
967 832 5.0
967 1728 5.0
967 3777 5.0
967 223 5.0
984 1728 5.0
1000 3024 5.0
1000 1728 5.0
1001 1728 3.0
1001 817 5.0
1002 1728 4.0
1002 2135 4.0
1008 2135 4.0
1008 1728 5.0
1008 3777 5.0
1008 223 5.0
1027 3649 3.0
1027 1728 5.0
1035 223 5.0
1035 817 4.0
1035 1728 5.0
1050 6370 4.0
1050 817 5.0
1050 1728 4.0
1066 6370 5.0
1066 1728 5.0
1068 1728 5.0
1071 1728 4.0
1080 1728 5.0
1080 6370 4.0
1080 3649 4.0
1100 817 5.0
1100 223 5.0
1100 1728 5.0
1102 1728 5.0
1102 6370 4.0
1107 1728 5.0
1108 1728 5.0
1112 1728 5.0
1112 3649 3.0
1113 3777 5.0
1113 1728 5.0
1116 2135 5.0
1116 1728 5.0
1121 1728 5.0
1121 3777 4.0
1124 223 3.0
1124 1728 4.0
1136 817 5.0
1136 1728 4.0
1140 1728 4.0
1143 223 5.0
1143 1728 5.0
1162 1728 4.0
1183 832 5.0
1183 2135 5.0
1183 1728 5.0
1195 1728 5.0
1197 1728 5.0
1197 2135 5.0
1208 1728 3.0
1208 832 5.0
1209 1728 5.0
1209 3024 5.0
1210 832 2.0
1210 3024 4.0
1210 223 3.0
1210 1728 4.0
1210 817 4.0
1219 1728 5.0
1219 6691 5.0
1239 1728 4.0
1241 1728 5.0
1241 817 5.0
1244 3777 5.0
1244 6691 4.0
1244 223 5.0
1244 2135 4.0
1244 1728 5.0
1253 1728 5.0
1253 3024 4.0
1255 832 5.0
1255 3649 4.0
1255 1728 4.0
1273 6691 5.0
1273 1728 5.0
1287 2135 2.0
1287 1728 4.0
1287 223 4.0
1291 1728 5.0
1292 1728 4.0
1292 3024 5.0
1307 832 5.0
1307 1728 5.0
1313 3777 4.0
1313 1728 5.0
1313 3024 4.0
1320 6370 3.0
1320 1728 5.0
1320 3649 3.0
1321 1728 3.0
1321 3649 3.0
1329 3777 3.0
1329 1728 4.0
1336 1728 5.0
1352 1728 5.0
1357 6691 5.0
1357 3777 5.0
1357 2135 3.0
1357 1728 5.0
1365 1728 3.0
1373 6370 5.0
1373 1728 4.0
1373 817 4.0
1376 1728 4.0
1380 2135 4.0
1380 1728 5.0
1380 832 4.0
1395 2135 5.0
1395 223 5.0
1395 1728 4.0
1401 1728 5.0
1407 1728 5.0
1407 6370 4.0
1410 1728 5.0
1410 223 5.0
1412 1728 5.0
1412 3649 4.0
1419 1728 4.0
1423 6370 4.0
1423 1728 5.0
1437 3777 5.0
1437 1728 4.0
1449 1728 5.0
1449 832 4.0
1452 1728 5.0
1453 1728 5.0
1453 3777 5.0
1460 3777 4.0
1460 1728 5.0
1497 1728 4.0
1502 6370 4.0
1502 1728 5.0
1509 1728 5.0
1509 817 5.0
1509 6370 4.0
1511 1728 4.0
1511 6691 5.0
1511 832 4.0
1512 1728 3.0
1512 6691 5.0
1512 3024 4.0
1512 223 5.0
1512 832 3.0
1523 6370 5.0
1523 1728 5.0
1532 1728 5.0
1537 2135 3.0
1537 223 5.0
1537 1728 4.0
1543 1728 5.0
1552 3777 5.0
1552 1728 5.0
1552 2135 4.0
1563 817 4.0
1563 1728 3.0
1573 1728 5.0
1577 832 5.0
1577 1728 5.0
1578 1728 5.0
1582 1728 5.0
1586 1728 5.0
1586 6370 5.0
1591 1728 5.0
1618 1728 5.0
1628 3024 5.0
1628 1728 5.0
1636 2135 5.0
1636 1728 4.0
1636 3649 5.0
1636 3777 5.0
1646 832 4.0
1646 1728 5.0
1660 1728 5.0
1664 832 5.0
1664 1728 5.0
1664 6691 5.0
1671 1728 4.0
1671 3649 5.0
1688 6691 5.0
1688 1728 5.0
1693 817 4.0
1693 3649 3.0
1693 1728 5.0
1697 1728 4.0
1697 3777 4.0
1699 1728 3.0
1709 2135 4.0
1709 1728 5.0
1726 1728 5.0
1726 3777 4.0
1726 832 4.0
1740 6691 5.0
1740 1728 5.0
1743 1728 5.0
1743 3649 5.0
1743 817 4.0
1750 1728 5.0
1750 6691 5.0
1761 1728 5.0
1761 223 5.0
1761 817 4.0
1765 1728 5.0
1771 817 4.0
1771 1728 5.0
1771 223 4.0
1787 1728 4.0
1787 6370 3.0
1795 1728 4.0
1796 1728 5.0
1809 3024 4.0
1809 1728 3.0
1812 3024 4.0
1812 1728 4.0
1816 1728 5.0
1820 1728 5.0
1823 1728 4.0
1825 1728 4.0
1825 2135 5.0
1830 3777 5.0
1830 1728 5.0
1833 6691 5.0
1833 2135 5.0
1833 223 5.0
1833 1728 5.0
1837 1728 4.0
1837 6691 5.0
1837 3777 4.0
1837 3649 3.0
1837 6370 5.0
1842 223 5.0
1842 6691 5.0
1842 1728 5.0
1844 817 4.0
1844 1728 5.0
1854 3024 5.0
1854 817 4.0
1854 1728 4.0
1861 1728 5.0
1861 3649 3.0
1861 3777 5.0
1867 1728 5.0
1871 1728 5.0
1871 3777 4.0
1887 3649 3.0
1887 1728 5.0
1887 817 5.0
1892 6691 5.0
1892 1728 5.0
1892 832 5.0
1902 3777 5.0
1902 817 5.0
1902 1728 5.0
1927 223 5.0
1927 6691 5.0
1927 1728 4.0
1927 832 4.0
1954 1728 5.0
1954 817 5.0
1956 1728 5.0
1956 2135 4.0
1959 1728 5.0
1959 3024 4.0
1963 6370 3.0
1963 817 4.0
1963 1728 3.0
1969 1728 5.0
1969 3777 5.0
1969 3024 5.0
1970 223 5.0
1970 1728 4.0
1970 3649 3.0
1975 1728 4.0
1987 817 5.0
1987 1728 5.0
1995 3024 5.0
1995 1728 5.0
1995 6370 5.0
2008 817 4.0
2008 1728 4.0
2008 3024 3.0
2011 1728 4.0
2012 3777 5.0
2012 1728 4.0
2015 223 5.0
2015 1728 5.0
2016 1728 4.0
2016 6691 4.0
2016 832 5.0
2032 1728 4.0
2032 3024 5.0
2032 223 4.0
2035 1728 5.0
2036 1728 5.0
2036 6370 5.0
2041 1728 5.0
2047 1728 4.0
2047 223 5.0
-1 1728 5.0
-2 1728 1
-2 3649 1
-2 223 1
-2 6691 1
-2 2135 1
-2 6370 1
-2 3024 1
-2 3777 1
-2 817 1
-2 832 1
-3 1728 1
-3 3649 1
-3 223 1
-3 6691 1
-3 2135 1
-3 6370 1
-3 3024 1
-3 3777 1
-3 817 1
-3 832 1
-4 1728 1
-4 3649 1
-4 223 1
-4 6691 1
-4 2135 1
-4 6370 1
-4 3024 1
-4 3777 1
-4 817 1
-4 832 1
-5 1728 1
-5 3649 1
-5 223 1
-5 6691 1
-5 2135 1
-5 6370 1
-5 3024 1
-5 3777 1
-5 817 1
-5 832 1
-6 1728 1
-6 3649 1
-6 223 1
-6 6691 1
-6 2135 1
-6 6370 1
-6 3024 1
-6 3777 1
-6 817 1
-6 832 1
-7 1728 1
-7 3649 1
-7 223 1
-7 6691 1
-7 2135 1
-7 6370 1
-7 3024 1
-7 3777 1
-7 817 1
-7 832 1
-8 1728 1
-8 3649 1
-8 223 1
-8 6691 1
-8 2135 1
-8 6370 1
-8 3024 1
-8 3777 1
-8 817 1
-8 832 1
-9 1728 1
-9 3649 1
-9 223 1
-9 6691 1
-9 2135 1
-9 6370 1
-9 3024 1
-9 3777 1
-9 817 1
-9 832 1
-10 1728 1
-10 3649 1
-10 223 1
-10 6691 1
-10 2135 1
-10 6370 1
-10 3024 1
-10 3777 1
-10 817 1
-10 832 1
-11 1728 1
-11 3649 1
-11 223 1
-11 6691 1
-11 2135 1
-11 6370 1
-11 3024 1
-11 3777 1
-11 817 1
-11 832 1
-12 1728 1
-12 3649 1
-12 223 1
-12 6691 1
-12 2135 1
-12 6370 1
-12 3024 1
-12 3777 1
-12 817 1
-12 832 1
-13 1728 1
-13 3649 1
-13 223 1
-13 6691 1
-13 2135 1
-13 6370 1
-13 3024 1
-13 3777 1
-13 817 1
-13 832 1
-14 1728 1
-14 3649 1
-14 223 1
-14 6691 1
-14 2135 1
-14 6370 1
-14 3024 1
-14 3777 1
-14 817 1
-14 832 1
-15 1728 1
-15 3649 1
-15 223 1
-15 6691 1
-15 2135 1
-15 6370 1
-15 3024 1
-15 3777 1
-15 817 1
-15 832 1
-16 1728 1
-16 3649 1
-16 223 1
-16 6691 1
-16 2135 1
-16 6370 1
-16 3024 1
-16 3777 1
-16 817 1
-16 832 1
-17 1728 1
-17 3649 1
-17 223 1
-17 6691 1
-17 2135 1
-17 6370 1
-17 3024 1
-17 3777 1
-17 817 1
-17 832 1
-18 1728 1
-18 3649 1
-18 223 1
-18 6691 1
-18 2135 1
-18 6370 1
-18 3024 1
-18 3777 1
-18 817 1
-18 832 1
-19 1728 1
-19 3649 1
-19 223 1
-19 6691 1
-19 2135 1
-19 6370 1
-19 3024 1
-19 3777 1
-19 817 1
-19 832 1
-20 1728 1
-20 3649 1
-20 223 1
-20 6691 1
-20 2135 1
-20 6370 1
-20 3024 1
-20 3777 1
-20 817 1
-20 832 1
-21 1728 1
-21 3649 1
-21 223 1
-21 6691 1
-21 2135 1
-21 6370 1
-21 3024 1
-21 3777 1
-21 817 1
-21 832 1
-22 1728 1
-22 3649 1
-22 223 1
-22 6691 1
-22 2135 1
-22 6370 1
-22 3024 1
-22 3777 1
-22 817 1
-22 832 1
-23 1728 1
-23 3649 1
-23 223 1
-23 6691 1
-23 2135 1
-23 6370 1
-23 3024 1
-23 3777 1
-23 817 1
-23 832 1
-24 1728 1
-24 3649 1
-24 223 1
-24 6691 1
-24 2135 1
-24 6370 1
-24 3024 1
-24 3777 1
-24 817 1
-24 832 1
-25 1728 1
-25 3649 1
-25 223 1
-25 6691 1
-25 2135 1
-25 6370 1
-25 3024 1
-25 3777 1
-25 817 1
-25 832 1
-26 1728 1
-26 3649 1
-26 223 1
-26 6691 1
-26 2135 1
-26 6370 1
-26 3024 1
-26 3777 1
-26 817 1
-26 832 1
-27 1728 1
-27 3649 1
-27 223 1
-27 6691 1
-27 2135 1
-27 6370 1
-27 3024 1
-27 3777 1
-27 817 1
-27 832 1
-28 1728 1
-28 3649 1
-28 223 1
-28 6691 1
-28 2135 1
-28 6370 1
-28 3024 1
-28 3777 1
-28 817 1
-28 832 1
-29 1728 1
-29 3649 1
-29 223 1
-29 6691 1
-29 2135 1
-29 6370 1
-29 3024 1
-29 3777 1
-29 817 1
-29 832 1
-30 1728 1
-30 3649 1
-30 223 1
-30 6691 1
-30 2135 1
-30 6370 1
-30 3024 1
-30 3777 1
-30 817 1
-30 832 1
-31 1728 1
-31 3649 1
-31 223 1
-31 6691 1
-31 2135 1
-31 6370 1
-31 3024 1
-31 3777 1
-31 817 1
-31 832 1
-32 1728 1
-32 3649 1
-32 223 1
-32 6691 1
-32 2135 1
-32 6370 1
-32 3024 1
-32 3777 1
-32 817 1
-32 832 1
-33 1728 1
-33 3649 1
-33 223 1
-33 6691 1
-33 2135 1
-33 6370 1
-33 3024 1
-33 3777 1
-33 817 1
-33 832 1
-34 1728 1
-34 3649 1
-34 223 1
-34 6691 1
-34 2135 1
-34 6370 1
-34 3024 1
-34 3777 1
-34 817 1
-34 832 1
-35 1728 1
-35 3649 1
-35 223 1
-35 6691 1
-35 2135 1
-35 6370 1
-35 3024 1
-35 3777 1
-35 817 1
-35 832 1
-36 1728 1
-36 3649 1
-36 223 1
-36 6691 1
-36 2135 1
-36 6370 1
-36 3024 1
-36 3777 1
-36 817 1
-36 832 1
-37 1728 1
-37 3649 1
-37 223 1
-37 6691 1
-37 2135 1
-37 6370 1
-37 3024 1
-37 3777 1
-37 817 1
-37 832 1
-38 1728 1
-38 3649 1
-38 223 1
-38 6691 1
-38 2135 1
-38 6370 1
-38 3024 1
-38 3777 1
-38 817 1
-38 832 1
-39 1728 1
-39 3649 1
-39 223 1
-39 6691 1
-39 2135 1
-39 6370 1
-39 3024 1
-39 3777 1
-39 817 1
-39 832 1
-40 1728 1
-40 3649 1
-40 223 1
-40 6691 1
-40 2135 1
-40 6370 1
-40 3024 1
-40 3777 1
-40 817 1
-40 832 1
-41 1728 1
-41 3649 1
-41 223 1
-41 6691 1
-41 2135 1
-41 6370 1
-41 3024 1
-41 3777 1
-41 817 1
-41 832 1
-42 1728 1
-42 3649 1
-42 223 1
-42 6691 1
-42 2135 1
-42 6370 1
-42 3024 1
-42 3777 1
-42 817 1
-42 832 1
-43 1728 1
-43 3649 1
-43 223 1
-43 6691 1
-43 2135 1
-43 6370 1
-43 3024 1
-43 3777 1
-43 817 1
-43 832 1
-44 1728 1
-44 3649 1
-44 223 1
-44 6691 1
-44 2135 1
-44 6370 1
-44 3024 1
-44 3777 1
-44 817 1
-44 832 1
-45 1728 1
-45 3649 1
-45 223 1
-45 6691 1
-45 2135 1
-45 6370 1
-45 3024 1
-45 3777 1
-45 817 1
-45 832 1
-46 1728 1
-46 3649 1
-46 223 1
-46 6691 1
-46 2135 1
-46 6370 1
-46 3024 1
-46 3777 1
-46 817 1
-46 832 1
-47 1728 1
-47 3649 1
-47 223 1
-47 6691 1
-47 2135 1
-47 6370 1
-47 3024 1
-47 3777 1
-47 817 1
-47 832 1
-48 1728 1
-48 3649 1
-48 223 1
-48 6691 1
-48 2135 1
-48 6370 1
-48 3024 1
-48 3777 1
-48 817 1
-48 832 1
-49 1728 1
-49 3649 1
-49 223 1
-49 6691 1
-49 2135 1
-49 6370 1
-49 3024 1
-49 3777 1
-49 817 1
-49 832 1
-50 1728 1
-50 3649 1
-50 223 1
-50 6691 1
-50 2135 1
-50 6370 1
-50 3024 1
-50 3777 1
-50 817 1
-50 832 1
-51 1728 1
-51 3649 1
-51 223 1
-51 6691 1
-51 2135 1
-51 6370 1
-51 3024 1
-51 3777 1
-51 817 1
-51 832 1
-52 1728 1
-52 3649 1
-52 223 1
-52 6691 1
-52 2135 1
-52 6370 1
-52 3024 1
-52 3777 1
-52 817 1
-52 832 1
-53 1728 1
-53 3649 1
-53 223 1
-53 6691 1
-53 2135 1
-53 6370 1
-53 3024 1
-53 3777 1
-53 817 1
-53 832 1
-54 1728 1
-54 3649 1
-54 223 1
-54 6691 1
-54 2135 1
-54 6370 1
-54 3024 1
-54 3777 1
-54 817 1
-54 832 1
-55 1728 1
-55 3649 1
-55 223 1
-55 6691 1
-55 2135 1
-55 6370 1
-55 3024 1
-55 3777 1
-55 817 1
-55 832 1
-56 1728 1
-56 3649 1
-56 223 1
-56 6691 1
-56 2135 1
-56 6370 1
-56 3024 1
-56 3777 1
-56 817 1
-56 832 1
-57 1728 1
-57 3649 1
-57 223 1
-57 6691 1
-57 2135 1
-57 6370 1
-57 3024 1
-57 3777 1
-57 817 1
-57 832 1
-58 1728 1
-58 3649 1
-58 223 1
-58 6691 1
-58 2135 1
-58 6370 1
-58 3024 1
-58 3777 1
-58 817 1
-58 832 1
-59 1728 1
-59 3649 1
-59 223 1
-59 6691 1
-59 2135 1
-59 6370 1
-59 3024 1
-59 3777 1
-59 817 1
-59 832 1
-60 1728 1
-60 3649 1
-60 223 1
-60 6691 1
-60 2135 1
-60 6370 1
-60 3024 1
-60 3777 1
-60 817 1
-60 832 1
-61 1728 1
-61 3649 1
-61 223 1
-61 6691 1
-61 2135 1
-61 6370 1
-61 3024 1
-61 3777 1
-61 817 1
-61 832 1
-62 1728 1
-62 3649 1
-62 223 1
-62 6691 1
-62 2135 1
-62 6370 1
-62 3024 1
-62 3777 1
-62 817 1
-62 832 1
-63 1728 1
-63 3649 1
-63 223 1
-63 6691 1
-63 2135 1
-63 6370 1
-63 3024 1
-63 3777 1
-63 817 1
-63 832 1
-64 1728 1
-64 3649 1
-64 223 1
-64 6691 1
-64 2135 1
-64 6370 1
-64 3024 1
-64 3777 1
-64 817 1
-64 832 1
-65 1728 1
-65 3649 1
-65 223 1
-65 6691 1
-65 2135 1
-65 6370 1
-65 3024 1
-65 3777 1
-65 817 1
-65 832 1
-66 1728 1
-66 3649 1
-66 223 1
-66 6691 1
-66 2135 1
-66 6370 1
-66 3024 1
-66 3777 1
-66 817 1
-66 832 1
-67 1728 1
-67 3649 1
-67 223 1
-67 6691 1
-67 2135 1
-67 6370 1
-67 3024 1
-67 3777 1
-67 817 1
-67 832 1
-68 1728 1
-68 3649 1
-68 223 1
-68 6691 1
-68 2135 1
-68 6370 1
-68 3024 1
-68 3777 1
-68 817 1
-68 832 1
-69 1728 1
-69 3649 1
-69 223 1
-69 6691 1
-69 2135 1
-69 6370 1
-69 3024 1
-69 3777 1
-69 817 1
-69 832 1
-70 1728 1
-70 3649 1
-70 223 1
-70 6691 1
-70 2135 1
-70 6370 1
-70 3024 1
-70 3777 1
-70 817 1
-70 832 1
-71 1728 1
-71 3649 1
-71 223 1
-71 6691 1
-71 2135 1
-71 6370 1
-71 3024 1
-71 3777 1
-71 817 1
-71 832 1
-72 1728 1
-72 3649 1
-72 223 1
-72 6691 1
-72 2135 1
-72 6370 1
-72 3024 1
-72 3777 1
-72 817 1
-72 832 1
-73 1728 1
-73 3649 1
-73 223 1
-73 6691 1
-73 2135 1
-73 6370 1
-73 3024 1
-73 3777 1
-73 817 1
-73 832 1
-74 1728 1
-74 3649 1
-74 223 1
-74 6691 1
-74 2135 1
-74 6370 1
-74 3024 1
-74 3777 1
-74 817 1
-74 832 1
-75 1728 1
-75 3649 1
-75 223 1
-75 6691 1
-75 2135 1
-75 6370 1
-75 3024 1
-75 3777 1
-75 817 1
-75 832 1
-76 1728 1
-76 3649 1
-76 223 1
-76 6691 1
-76 2135 1
-76 6370 1
-76 3024 1
-76 3777 1
-76 817 1
-76 832 1
-77 1728 1
-77 3649 1
-77 223 1
-77 6691 1
-77 2135 1
-77 6370 1
-77 3024 1
-77 3777 1
-77 817 1
-77 832 1
-78 1728 1
-78 3649 1
-78 223 1
-78 6691 1
-78 2135 1
-78 6370 1
-78 3024 1
-78 3777 1
-78 817 1
-78 832 1
-79 1728 1
-79 3649 1
-79 223 1
-79 6691 1
-79 2135 1
-79 6370 1
-79 3024 1
-79 3777 1
-79 817 1
-79 832 1
-80 1728 1
-80 3649 1
-80 223 1
-80 6691 1
-80 2135 1
-80 6370 1
-80 3024 1
-80 3777 1
-80 817 1
-80 832 1
-81 1728 1
-81 3649 1
-81 223 1
-81 6691 1
-81 2135 1
-81 6370 1
-81 3024 1
-81 3777 1
-81 817 1
-81 832 1
-82 1728 1
-82 3649 1
-82 223 1
-82 6691 1
-82 2135 1
-82 6370 1
-82 3024 1
-82 3777 1
-82 817 1
-82 832 1
-83 1728 1
-83 3649 1
-83 223 1
-83 6691 1
-83 2135 1
-83 6370 1
-83 3024 1
-83 3777 1
-83 817 1
-83 832 1
-84 1728 1
-84 3649 1
-84 223 1
-84 6691 1
-84 2135 1
-84 6370 1
-84 3024 1
-84 3777 1
-84 817 1
-84 832 1
-85 1728 1
-85 3649 1
-85 223 1
-85 6691 1
-85 2135 1
-85 6370 1
-85 3024 1
-85 3777 1
-85 817 1
-85 832 1
-86 1728 1
-86 3649 1
-86 223 1
-86 6691 1
-86 2135 1
-86 6370 1
-86 3024 1
-86 3777 1
-86 817 1
-86 832 1
-87 1728 1
-87 3649 1
-87 223 1
-87 6691 1
-87 2135 1
-87 6370 1
-87 3024 1
-87 3777 1
-87 817 1
-87 832 1
-88 1728 1
-88 3649 1
-88 223 1
-88 6691 1
-88 2135 1
-88 6370 1
-88 3024 1
-88 3777 1
-88 817 1
-88 832 1
-89 1728 1
-89 3649 1
-89 223 1
-89 6691 1
-89 2135 1
-89 6370 1
-89 3024 1
-89 3777 1
-89 817 1
-89 832 1
-90 1728 1
-90 3649 1
-90 223 1
-90 6691 1
-90 2135 1
-90 6370 1
-90 3024 1
-90 3777 1
-90 817 1
-90 832 1
-91 1728 1
-91 3649 1
-91 223 1
-91 6691 1
-91 2135 1
-91 6370 1
-91 3024 1
-91 3777 1
-91 817 1
-91 832 1
-92 1728 1
-92 3649 1
-92 223 1
-92 6691 1
-92 2135 1
-92 6370 1
-92 3024 1
-92 3777 1
-92 817 1
-92 832 1
-93 1728 1
-93 3649 1
-93 223 1
-93 6691 1
-93 2135 1
-93 6370 1
-93 3024 1
-93 3777 1
-93 817 1
-93 832 1
-94 1728 1
-94 3649 1
-94 223 1
-94 6691 1
-94 2135 1
-94 6370 1
-94 3024 1
-94 3777 1
-94 817 1
-94 832 1
-95 1728 1
-95 3649 1
-95 223 1
-95 6691 1
-95 2135 1
-95 6370 1
-95 3024 1
-95 3777 1
-95 817 1
-95 832 1
-96 1728 1
-96 3649 1
-96 223 1
-96 6691 1
-96 2135 1
-96 6370 1
-96 3024 1
-96 3777 1
-96 817 1
-96 832 1
-97 1728 1
-97 3649 1
-97 223 1
-97 6691 1
-97 2135 1
-97 6370 1
-97 3024 1
-97 3777 1
-97 817 1
-97 832 1
-98 1728 1
-98 3649 1
-98 223 1
-98 6691 1
-98 2135 1
-98 6370 1
-98 3024 1
-98 3777 1
-98 817 1
-98 832 1
-99 1728 1
-99 3649 1
-99 223 1
-99 6691 1
-99 2135 1
-99 6370 1
-99 3024 1
-99 3777 1
-99 817 1
-99 832 1
-100 1728 1
-100 3649 1
-100 223 1
-100 6691 1
-100 2135 1
-100 6370 1
-100 3024 1
-100 3777 1
-100 817 1
-100 832 1
-101 1728 1
-101 3649 1
-101 223 1
-101 6691 1
-101 2135 1
-101 6370 1
-101 3024 1
-101 3777 1
-101 817 1
-101 832 1
-102 1728 1
-102 3649 1
-102 223 1
-102 6691 1
-102 2135 1
-102 6370 1
-102 3024 1
-102 3777 1
-102 817 1
-102 832 1
-103 1728 1
-103 3649 1
-103 223 1
-103 6691 1
-103 2135 1
-103 6370 1
-103 3024 1
-103 3777 1
-103 817 1
-103 832 1
-104 1728 1
-104 3649 1
-104 223 1
-104 6691 1
-104 2135 1
-104 6370 1
-104 3024 1
-104 3777 1
-104 817 1
-104 832 1
-105 1728 1
-105 3649 1
-105 223 1
-105 6691 1
-105 2135 1
-105 6370 1
-105 3024 1
-105 3777 1
-105 817 1
-105 832 1
-106 1728 1
-106 3649 1
-106 223 1
-106 6691 1
-106 2135 1
-106 6370 1
-106 3024 1
-106 3777 1
-106 817 1
-106 832 1
-107 1728 1
-107 3649 1
-107 223 1
-107 6691 1
-107 2135 1
-107 6370 1
-107 3024 1
-107 3777 1
-107 817 1
-107 832 1
-108 1728 1
-108 3649 1
-108 223 1
-108 6691 1
-108 2135 1
-108 6370 1
-108 3024 1
-108 3777 1
-108 817 1
-108 832 1
-109 1728 1
-109 3649 1
-109 223 1
-109 6691 1
-109 2135 1
-109 6370 1
-109 3024 1
-109 3777 1
-109 817 1
-109 832 1
-110 1728 1
-110 3649 1
-110 223 1
-110 6691 1
-110 2135 1
-110 6370 1
-110 3024 1
-110 3777 1
-110 817 1
-110 832 1
-111 1728 1
-111 3649 1
-111 223 1
-111 6691 1
-111 2135 1
-111 6370 1
-111 3024 1
-111 3777 1
-111 817 1
-111 832 1
-112 1728 1
-112 3649 1
-112 223 1
-112 6691 1
-112 2135 1
-112 6370 1
-112 3024 1
-112 3777 1
-112 817 1
-112 832 1
-113 1728 1
-113 3649 1
-113 223 1
-113 6691 1
-113 2135 1
-113 6370 1
-113 3024 1
-113 3777 1
-113 817 1
-113 832 1
-114 1728 1
-114 3649 1
-114 223 1
-114 6691 1
-114 2135 1
-114 6370 1
-114 3024 1
-114 3777 1
-114 817 1
-114 832 1
-115 1728 1
-115 3649 1
-115 223 1
-115 6691 1
-115 2135 1
-115 6370 1
-115 3024 1
-115 3777 1
-115 817 1
-115 832 1
-116 1728 1
-116 3649 1
-116 223 1
-116 6691 1
-116 2135 1
-116 6370 1
-116 3024 1
-116 3777 1
-116 817 1
-116 832 1
-117 1728 1
-117 3649 1
-117 223 1
-117 6691 1
-117 2135 1
-117 6370 1
-117 3024 1
-117 3777 1
-117 817 1
-117 832 1
-118 1728 1
-118 3649 1
-118 223 1
-118 6691 1
-118 2135 1
-118 6370 1
-118 3024 1
-118 3777 1
-118 817 1
-118 832 1
-119 1728 1
-119 3649 1
-119 223 1
-119 6691 1
-119 2135 1
-119 6370 1
-119 3024 1
-119 3777 1
-119 817 1
-119 832 1
-120 1728 1
-120 3649 1
-120 223 1
-120 6691 1
-120 2135 1
-120 6370 1
-120 3024 1
-120 3777 1
-120 817 1
-120 832 1
-121 1728 1
-121 3649 1
-121 223 1
-121 6691 1
-121 2135 1
-121 6370 1
-121 3024 1
-121 3777 1
-121 817 1
-121 832 1
-122 1728 1
-122 3649 1
-122 223 1
-122 6691 1
-122 2135 1
-122 6370 1
-122 3024 1
-122 3777 1
-122 817 1
-122 832 1
-123 1728 1
-123 3649 1
-123 223 1
-123 6691 1
-123 2135 1
-123 6370 1
-123 3024 1
-123 3777 1
-123 817 1
-123 832 1
-124 1728 1
-124 3649 1
-124 223 1
-124 6691 1
-124 2135 1
-124 6370 1
-124 3024 1
-124 3777 1
-124 817 1
-124 832 1
-125 1728 1
-125 3649 1
-125 223 1
-125 6691 1
-125 2135 1
-125 6370 1
-125 3024 1
-125 3777 1
-125 817 1
-125 832 1
-126 1728 1
-126 3649 1
-126 223 1
-126 6691 1
-126 2135 1
-126 6370 1
-126 3024 1
-126 3777 1
-126 817 1
-126 832 1
-127 1728 1
-127 3649 1
-127 223 1
-127 6691 1
-127 2135 1
-127 6370 1
-127 3024 1
-127 3777 1
-127 817 1
-127 832 1
-128 1728 1
-128 3649 1
-128 223 1
-128 6691 1
-128 2135 1
-128 6370 1
-128 3024 1
-128 3777 1
-128 817 1
-128 832 1
-129 1728 1
-129 3649 1
-129 223 1
-129 6691 1
-129 2135 1
-129 6370 1
-129 3024 1
-129 3777 1
-129 817 1
-129 832 1
-130 1728 1
-130 3649 1
-130 223 1
-130 6691 1
-130 2135 1
-130 6370 1
-130 3024 1
-130 3777 1
-130 817 1
-130 832 1
-131 1728 1
-131 3649 1
-131 223 1
-131 6691 1
-131 2135 1
-131 6370 1
-131 3024 1
-131 3777 1
-131 817 1
-131 832 1
-132 1728 1
-132 3649 1
-132 223 1
-132 6691 1
-132 2135 1
-132 6370 1
-132 3024 1
-132 3777 1
-132 817 1
-132 832 1
-133 1728 1
-133 3649 1
-133 223 1
-133 6691 1
-133 2135 1
-133 6370 1
-133 3024 1
-133 3777 1
-133 817 1
-133 832 1
-134 1728 1
-134 3649 1
-134 223 1
-134 6691 1
-134 2135 1
-134 6370 1
-134 3024 1
-134 3777 1
-134 817 1
-134 832 1
-135 1728 1
-135 3649 1
-135 223 1
-135 6691 1
-135 2135 1
-135 6370 1
-135 3024 1
-135 3777 1
-135 817 1
-135 832 1
-136 1728 1
-136 3649 1
-136 223 1
-136 6691 1
-136 2135 1
-136 6370 1
-136 3024 1
-136 3777 1
-136 817 1
-136 832 1
-137 1728 1
-137 3649 1
-137 223 1
-137 6691 1
-137 2135 1
-137 6370 1
-137 3024 1
-137 3777 1
-137 817 1
-137 832 1
-138 1728 1
-138 3649 1
-138 223 1
-138 6691 1
-138 2135 1
-138 6370 1
-138 3024 1
-138 3777 1
-138 817 1
-138 832 1
-139 1728 1
-139 3649 1
-139 223 1
-139 6691 1
-139 2135 1
-139 6370 1
-139 3024 1
-139 3777 1
-139 817 1
-139 832 1
-140 1728 1
-140 3649 1
-140 223 1
-140 6691 1
-140 2135 1
-140 6370 1
-140 3024 1
-140 3777 1
-140 817 1
-140 832 1
-141 1728 1
-141 3649 1
-141 223 1
-141 6691 1
-141 2135 1
-141 6370 1
-141 3024 1
-141 3777 1
-141 817 1
-141 832 1
-142 1728 1
-142 3649 1
-142 223 1
-142 6691 1
-142 2135 1
-142 6370 1
-142 3024 1
-142 3777 1
-142 817 1
-142 832 1
-143 1728 1
-143 3649 1
-143 223 1
-143 6691 1
-143 2135 1
-143 6370 1
-143 3024 1
-143 3777 1
-143 817 1
-143 832 1
-144 1728 1
-144 3649 1
-144 223 1
-144 6691 1
-144 2135 1
-144 6370 1
-144 3024 1
-144 3777 1
-144 817 1
-144 832 1
-145 1728 1
-145 3649 1
-145 223 1
-145 6691 1
-145 2135 1
-145 6370 1
-145 3024 1
-145 3777 1
-145 817 1
-145 832 1
-146 1728 1
-146 3649 1
-146 223 1
-146 6691 1
-146 2135 1
-146 6370 1
-146 3024 1
-146 3777 1
-146 817 1
-146 832 1
-147 1728 1
-147 3649 1
-147 223 1
-147 6691 1
-147 2135 1
-147 6370 1
-147 3024 1
-147 3777 1
-147 817 1
-147 832 1
-148 1728 1
-148 3649 1
-148 223 1
-148 6691 1
-148 2135 1
-148 6370 1
-148 3024 1
-148 3777 1
-148 817 1
-148 832 1
-149 1728 1
-149 3649 1
-149 223 1
-149 6691 1
-149 2135 1
-149 6370 1
-149 3024 1
-149 3777 1
-149 817 1
-149 832 1
-150 1728 1
-150 3649 1
-150 223 1
-150 6691 1
-150 2135 1
-150 6370 1
-150 3024 1
-150 3777 1
-150 817 1
-150 832 1
-151 1728 1
-151 3649 1
-151 223 1
-151 6691 1
-151 2135 1
-151 6370 1
-151 3024 1
-151 3777 1
-151 817 1
-151 832 1
