 2692 2826 1
 2826 2692 1
 2692 1987 1
 1987 2692 1
 2692 2505 1
 2505 2692 1
 2692 69 1
 69 2692 1
 723 1229 1
 1229 723 1
 1230 2070 1
 2070 1230 1
 1013 1055 1
 1055 1013 1
 2193 1324 1
 1324 2193 1
 4 636 1
 636 4 1
 328 306 1
 306 328 1
 137 1037 1
 1037 137 1
 137 2505 1
 2505 137 1
 2709 412 1
 412 2709 1
 2709 1975 1
 1975 2709 1
 940 1037 1
 1037 940 1
 432 331 1
 331 432 1
 432 366 1
 366 432 1
 432 2589 1
 2589 432 1
 432 1833 1
 1833 432 1
 432 2410 1
 2410 432 1
 1047 1081 1
 1081 1047 1
 10 2571 1
 2571 10 1
 10 2090 1
 2090 10 1
 10 2328 1
 2328 10 1
 140 166 1
 166 140 1
 140 2736 1
 2736 140 1
 140 2284 1
 2284 140 1
 1184 2386 1
 2386 1184 1
 1184 691 1
 691 1184 1
 1184 230 1
 230 1184 1
 1184 1104 1
 1104 1184 1
 1184 2191 1
 2191 1184 1
 1184 2873 1
 2873 1184 1
 230 1763 1
 1763 230 1
 2637 838 1
 838 2637 1
 709 2571 1
 2571 709 1
 709 211 1
 211 709 1
 709 2493 1
 2493 709 1
 709 167 1
 167 709 1
 709 1156 1
 1156 709 1
 709 406 1
 406 709 1
 2286 1449 1
 1449 2286 1
 2286 2011 1
 2011 2286 1
 2348 1494 1
 1494 2348 1
 1582 1992 1
 1992 1582 1
 2646 2563 1
 2563 2646 1
 569 1116 1
 1116 569 1
 569 300 1
 300 569 1
 569 1857 1
 1857 569 1
 151 2839 1
 2839 151 1
 2839 1037 1
 1037 2839 1
 1369 1429 1
 1429 1369 1
 2807 1857 1
 1857 2807 1
 2859 2082 1
 2082 2859 1
 2859 246 1
 246 2859 1
 900 2895 1
 2895 900 1
 2602 2750 1
 2750 2602 1
 2525 2070 1
 2070 2525 1
 489 1037 1
 1037 489 1
 628 1011 1
 1011 628 1
 628 1704 1
 1704 628 1
 628 2070 1
 2070 628 1
 2949 1495 1
 1495 2949 1
 2884 2246 1
 2246 2884 1
 155 454 1
 454 155 1
 2067 2483 1
 2483 2067 1
 2380 2340 1
 2340 2380 1
 2969 695 1
 695 2969 1
 1874 1960 1
 1960 1874 1
 2991 1037 1
 1037 2991 1
 476 1037 1
 1037 476 1
 2080 2638 1
 2638 2080 1
 116 301 1
 301 116 1
 1716 2070 1
 2070 1716 1
 271 20 1
 20 271 1
 1456 2070 1
 2070 1456 1
 2730 2430 1
 2430 2730 1
 2897 1037 1
 1037 2897 1
 1503 251 1
 251 1503 1
 822 1823 1
 1823 822 1
 13 1702 1
 1702 13 1
 13 922 1
 922 13 1
 13 1116 1
 1116 13 1
 13 2814 1
 2814 13 1
 13 2818 1
 2818 13 1
 13 2901 1
 2901 13 1
 2262 1975 1
 1975 2262 1
 580 211 1
 211 580 1
 580 385 1
 385 580 1
 1975 1037 1
 1037 1975 1
 2457 381 1
 381 2457 1
 373 502 1
 502 373 1
 2916 1402 1
 1402 2916 1
 2931 2347 1
 2347 2931 1
 2653 2113 1
 2113 2653 1
 1138 2070 1
 2070 1138 1
 2686 1089 1
 1089 2686 1
 2171 543 1
 543 2171 1
 2508 2571 1
 2571 2508 1
 2508 366 1
 366 2508 1
 300 1857 1
 1857 300 1
 1759 1032 1
 1032 1759 1
 1759 1414 1
 1414 1759 1
 909 2678 1
 2678 909 1
 975 837 1
 837 975 1
 2878 1526 1
 1526 2878 1
 1932 248 1
 248 1932 1
 1932 256 1
 256 1932 1
 413 2395 1
 2395 413 1
 1956 1687 1
 1687 1956 1
 2427 2638 1
 2638 2427 1
 2427 2100 1
 2100 2427 1
 2427 1647 1
 1647 2427 1
 2427 1182 1
 1182 2427 1
 2427 2560 1
 2560 2427 1
 2427 2271 1
 2271 2427 1
 33 1304 1
 1304 33 1
 1659 2174 1
 2174 1659 1
 276 242 1
 242 276 1
 2894 2864 1
 2864 2894 1
 1262 137 1
 137 1262 1
 2864 2070 1
 2070 2864 1
 2585 2666 1
 2666 2585 1
 39 1011 1
 1011 39 1
 1966 2483 1
 2483 1966 1
 1966 1965 1
 1965 1966 1
 1433 2779 1
 2779 1433 1
 2779 1376 1
 1376 2779 1
 2 2183 1
 2183 2 1
 2668 382 1
 382 2668 1
 2181 288 1
 288 2181 1
 341 2163 1
 2163 341 1
 1253 1857 1
 1857 1253 1
 1253 2638 1
 2638 1253 1
 1253 1768 1
 1768 1253 1
 1253 2161 1
 2161 1253 1
 1768 2638 1
 2638 1768 1
 1768 2161 1
 2161 1768 1
 1768 1857 1
 1857 1768 1
 183 2451 1
 2451 183 1
 1303 48 1
 48 1303 1
 1303 193 1
 193 1303 1
 1897 443 1
 443 1897 1
 1897 1145 1
 1145 1897 1
 1067 2017 1
 2017 1067 1
 283 204 1
 204 283 1
 2323 749 1
 749 2323 1
 2415 1116 1
 1116 2415 1
 2415 2547 1
 2547 2415 1
 193 1081 1
 1081 193 1
 648 487 1
 487 648 1
 648 2080 1
 2080 648 1
 1843 1949 1
 1949 1843 1
 1843 2161 1
 2161 1843 1
 1843 251 1
 251 1843 1
 1843 243 1
 243 1843 1
 1843 928 1
 928 1843 1
 2161 2638 1
 2638 2161 1
 2161 1857 1
 1857 2161 1
 2161 1380 1
 1380 2161 1
 1857 2638 1
 2638 1857 1
 1836 2080 1
 2080 1836 1
 2423 46 1
 46 2423 1
 38 2845 1
 2845 38 1
 2691 1505 1
 1505 2691 1
 3013 1409 1
 1409 3013 1
 1081 2727 1
 2727 1081 1
 2215 1424 1
 1424 2215 1
 2215 2070 1
 2070 2215 1
 786 1602 1
 1602 786 1
 2381 1613 1
 1613 2381 1
 2513 2483 1
 2483 2513 1
 707 695 1
 695 707 1
 1790 354 1
 354 1790 1
 208 1247 1
 1247 208 1
 1277 331 1
 331 1277 1
 2951 2724 1
 2724 2951 1
 365 1116 1
 1116 365 1
 1865 2728 1
 2728 1865 1
 2082 1803 1
 1803 2082 1
 451 837 1
 837 451 1
 2062 1517 1
 1517 2062 1
 1247 2797 1
 2797 1247 1
 1247 450 1
 450 1247 1
 238 2275 1
 2275 238 1
 136 695 1
 695 136 1
 1302 1188 1
 1188 1302 1
 2354 1505 1
 1505 2354 1
 28 2070 1
 2070 28 1
 542 871 1
 871 542 1
 2058 2173 1
 2173 2058 1
 2390 2555 1
 2555 2390 1
 1914 2683 1
 2683 1914 1
 1284 170 1
 170 1284 1
 121 1881 1
 1881 121 1
 679 458 1
 458 679 1
 73 674 1
 674 73 1
 73 309 1
 309 73 1
 73 1768 1
 1768 73 1
 73 624 1
 624 73 1
 73 2809 1
 2809 73 1
 73 1132 1
 1132 73 1
 73 2678 1
 2678 73 1
 73 1772 1
 1772 73 1
 2472 2070 1
 2070 2472 1
 396 208 1
 208 396 1
 591 1116 1
 1116 591 1
 591 1779 1
 1779 591 1
 2782 1243 1
 1243 2782 1
 94 248 1
 248 94 1
 232 2638 1
 2638 232 1
 2626 2592 1
 2592 2626 1
 2717 691 1
 691 2717 1
 706 1011 1
 1011 706 1
 706 2070 1
 2070 706 1
 1405 2054 1
 2054 1405 1
 1405 691 1
 691 1405 1
 2650 712 1
 712 2650 1
 1955 1857 1
 1857 1955 1
 1955 2638 1
 2638 1955 1
 1955 1448 1
 1448 1955 1
 1955 2336 1
 2336 1955 1
 1955 204 1
 204 1955 1
 1955 1158 1
 1158 1955 1
 1654 2502 1
 2502 1654 1
 1691 1705 1
 1705 1691 1
 1691 240 1
 240 1691 1
 2336 845 1
 845 2336 1
 2336 204 1
 204 2336 1
 2336 1158 1
 1158 2336 1
 1903 435 1
 435 1903 1
 334 1073 1
 1073 334 1
 2701 703 1
 703 2701 1
 743 2659 1
 2659 743 1
 636 225 1
 225 636 1
 972 1893 1
 1893 972 1
 2154 1669 1
 1669 2154 1
 2770 898 1
 898 2770 1
 2770 2070 1
 2070 2770 1
 1009 1555 1
 1555 1009 1
 3009 1858 1
 1858 3009 1
 1390 2111 1
 2111 1390 1
 1063 1424 1
 1424 1063 1
 535 2357 1
 2357 535 1
 1218 2666 1
 2666 1218 1
 1754 1116 1
 1116 1754 1
 2819 2430 1
 2430 2819 1
 2337 1996 1
 1996 2337 1
 1592 2070 1
 2070 1592 1
 1591 609 1
 609 1591 1
 1290 2093 1
 2093 1290 1
 1883 1720 1
 1720 1883 1
 171 2324 1
 2324 171 1
 2477 2842 1
 2842 2477 1
 1205 1950 1
 1950 1205 1
 1205 1077 1
 1077 1205 1
 2036 1996 1
 1996 2036 1
 2726 2408 1
 2408 2726 1
 2726 2961 1
 2961 2726 1
 461 1037 1
 1037 461 1
 845 204 1
 204 845 1
 2430 1616 1
 1616 2430 1
 204 1158 1
 1158 204 1
 204 107 1
 107 204 1
 2383 2186 1
 2186 2383 1
 2383 2574 1
 2574 2383 1
 2555 406 1
 406 2555 1
 2555 2242 1
 2242 2555 1
 730 885 1
 885 730 1
 885 314 1
 314 885 1
 885 174 1
 174 885 1
 2592 1683 1
 1683 2592 1
 2612 2011 1
 2011 2612 1
 917 2603 1
 2603 917 1
 253 692 1
 692 253 1
 1451 2789 1
 2789 1451 1
 89 1705 1
 1705 89 1
 852 690 1
 690 852 1
 852 2436 1
 2436 852 1
 852 1345 1
 1345 852 1
 465 2878 1
 2878 465 1
 1157 1091 1
 1091 1157 1
 2808 1996 1
 1996 2808 1
 770 1011 1
 1011 770 1
 770 695 1
 695 770 1
 770 2070 1
 2070 770 1
 770 2955 1
 2955 770 1
 770 1555 1
 1555 770 1
 2787 723 1
 723 2787 1
 2787 2484 1
 2484 2787 1
 218 1055 1
 1055 218 1
 1616 89 1
 89 1616 1
 1616 1802 1
 1802 1616 1
 2183 2939 1
 2939 2183 1
 278 2739 1
 2739 278 1
 1069 1857 1
 1857 1069 1
 2231 535 1
 535 2231 1
 1985 1148 1
 1148 1985 1
 462 1331 1
 1331 462 1
 462 460 1
 460 462 1
 2837 342 1
 342 2837 1
 1425 1836 1
 1836 1425 1
 1007 1055 1
 1055 1007 1
 2595 2676 1
 2676 2595 1
 1872 691 1
 691 1872 1
 1003 2759 1
 2759 1003 1
 859 2493 1
 2493 859 1
 859 1502 1
 1502 859 1
 859 2597 1
 2597 859 1
 859 1846 1
 1846 859 1
 859 387 1
 387 859 1
 859 2839 1
 2839 859 1
 2603 871 1
 871 2603 1
 2603 1037 1
 1037 2603 1
 431 1716 1
 1716 431 1
 700 1055 1
 1055 700 1
 1555 1055 1
 1055 1555 1
 1555 1776 1
 1776 1555 1
 1364 1076 1
 1076 1364 1
 1024 1836 1
 1836 1024 1
 1576 871 1
 871 1576 1
 1576 125 1
 125 1576 1
 1899 2070 1
 2070 1899 1
 898 1337 1
 1337 898 1
 1769 2547 1
 2547 1769 1
 1400 2212 1
 2212 1400 1
 2190 2210 1
 2210 2190 1
 2190 2666 1
 2666 2190 1
 2190 690 1
 690 2190 1
 2190 56 1
 56 2190 1
 2190 44 1
 44 2190 1
 2190 2895 1
 2895 2190 1
 2446 2705 1
 2705 2446 1
 93 1554 1
 1554 93 1
 211 331 1
 331 211 1
 2095 338 1
 338 2095 1
 1559 1304 1
 1304 1559 1
 84 1950 1
 1950 84 1
 2001 1037 1
 1037 2001 1
 1511 2710 1
 2710 1511 1
 2569 2993 1
 2993 2569 1
 2569 2242 1
 2242 2569 1
 480 2210 1
 2210 480 1
 480 2070 1
 2070 480 1
 2212 1555 1
 1555 2212 1
 2212 1440 1
 1440 2212 1
 2863 1294 1
 1294 2863 1
 1269 1011 1
 1011 1269 1
 301 487 1
 487 301 1
 2411 1304 1
 1304 2411 1
 2411 1226 1
 1226 2411 1
 1222 1019 1
 1019 1222 1
 329 843 1
 843 329 1
 1260 1617 1
 1617 1260 1
 1890 1833 1
 1833 1890 1
 1890 251 1
 251 1890 1
 41 2705 1
 2705 41 1
 1062 582 1
 582 1062 1
 2639 695 1
 695 2639 1
 1802 2070 1
 2070 1802 1
 1306 1304 1
 1304 1306 1
 1306 2666 1
 2666 1306 1
 2790 1304 1
 1304 2790 1
 2790 2242 1
 2242 2790 1
 1345 2414 1
 2414 1345 1
 3006 1033 1
 1033 3006 1
 3006 1219 1
 1219 3006 1
 3006 1357 1
 1357 3006 1
 166 2736 1
 2736 166 1
 1337 2395 1
 2395 1337 1
 345 60 1
 60 345 1
 1774 96 1
 96 1774 1
 1055 2812 1
 2812 1055 1
 344 2010 1
 2010 344 1
 1019 2003 1
 2003 1019 1
 2395 2607 1
 2607 2395 1
 2618 2412 1
 2412 2618 1
 97 2070 1
 2070 97 1
 125 2483 1
 2483 125 1
 125 1304 1
 1304 125 1
 125 789 1
 789 125 1
 2495 250 1
 250 2495 1
 2495 303 1
 303 2495 1
 2854 2890 1
 2890 2854 1
 1525 1155 1
 1155 1525 1
 2954 2483 1
 2483 2954 1
 3003 430 1
 430 3003 1
 2781 983 1
 983 2781 1
 2781 2939 1
 2939 2781 1
 2673 2256 1
 2256 2673 1
 1347 57 1
 57 1347 1
 2667 1641 1
 1641 2667 1
 2667 2879 1
 2879 2667 1
 1804 2070 1
 2070 1804 1
 1090 479 1
 479 1090 1
 2838 351 1
 351 2838 1
 2207 640 1
 640 2207 1
 640 2483 1
 2483 640 1
 303 250 1
 250 303 1
 2306 2239 1
 2239 2306 1
 2239 2915 1
 2915 2239 1
 2165 2790 1
 2790 2165 1
 221 508 1
 508 221 1
 1664 2031 1
 2031 1664 1
 781 1640 1
 1640 781 1
 1095 929 1
 929 1095 1
 78 410 1
 410 78 1
 2798 1247 1
 1247 2798 1
 404 1154 1
 1154 404 1
 1869 2284 1
 2284 1869 1
 551 221 1
 221 551 1
 551 1325 1
 1325 551 1
 2439 1304 1
 1304 2439 1
 2078 2773 1
 2773 2078 1
 2078 960 1
 960 2078 1
 1709 2908 1
 2908 1709 1
 1470 582 1
 582 1470 1
 1470 2532 1
 2532 1470 1
 2019 381 1
 381 2019 1
 2402 2710 1
 2710 2402 1
 2402 2070 1
 2070 2402 1
 2825 1808 1
 1808 2825 1
 765 1439 1
 1439 765 1
 1308 2690 1
 2690 1308 1
 2029 2031 1
 2031 2029 1
 1011 2070 1
 2070 1011 1
 1011 2031 1
 2031 1011 1
 2031 2324 1
 2324 2031 1
 2031 2659 1
 2659 2031 1
 2501 2212 1
 2212 2501 1
 1160 933 1
 933 1160 1
 516 1164 1
 1164 516 1
 1530 580 1
 580 1530 1
 1530 2080 1
 2080 1530 1
 1530 2124 1
 2124 1530 1
 641 995 1
 995 641 1
 2487 2191 1
 2191 2487 1
 717 2191 1
 2191 717 1
 1314 825 1
 825 1314 1
 119 539 1
 539 119 1
 1305 2901 1
 2901 1305 1
 2697 334 1
 334 2697 1
 2896 535 1
 535 2896 1
 315 1308 1
 1308 315 1
 315 2817 1
 2817 315 1
 1612 703 1
 703 1612 1
 923 2163 1
 2163 923 1
 682 1424 1
 1424 682 1
 1631 250 1
 250 1631 1
 1135 1077 1
 1077 1135 1
 1076 2879 1
 2879 1076 1
 2752 1032 1
 1032 2752 1
 2752 2680 1
 2680 2752 1
 2752 2070 1
 2070 2752 1
 2752 1356 1
 1356 2752 1
 2752 718 1
 718 2752 1
 2035 866 1
 866 2035 1
 2076 2324 1
 2324 2076 1
 2690 2740 1
 2740 2690 1
 1987 2007 1
 2007 1987 1
 1987 2826 1
 2826 1987 1
 250 2483 1
 2483 250 1
 250 44 1
 44 250 1
 1300 1214 1
 1214 1300 1
 1854 1055 1
 1055 1854 1
 840 2542 1
 2542 840 1
 2547 1996 1
 1996 2547 1
 1641 1983 1
 1983 1641 1
 928 1705 1
 1705 928 1
 722 987 1
 987 722 1
 1544 295 1
 295 1544 1
 1679 2400 1
 2400 1679 1
 1679 2070 1
 2070 1679 1
 1679 1942 1
 1942 1679 1
 1942 2070 1
 2070 1942 1
 1265 2180 1
 2180 1265 1
 95 1544 1
 1544 95 1
 95 1327 1
 1327 95 1
 1219 2677 1
 2677 1219 1
 563 2872 1
 2872 563 1
 1866 251 1
 251 1866 1
 1724 299 1
 299 1724 1
 1724 1304 1
 1304 1724 1
 1246 534 1
 534 1246 1
 2483 1618 1
 1618 2483 1
 2418 1145 1
 1145 2418 1
 538 399 1
 399 538 1
 837 1705 1
 1705 837 1
 837 2747 1
 2747 837 1
 2456 2473 1
 2473 2456 1
 991 2153 1
 2153 991 1
 2153 2898 1
 2898 2153 1
 2660 2639 1
 2639 2660 1
 861 735 1
 735 861 1
 1155 468 1
 468 1155 1
 2745 2306 1
 2306 2745 1
 1072 444 1
 444 1072 1
 643 444 1
 444 643 1
 444 1309 1
 1309 444 1
 652 399 1
 399 652 1
 1867 399 1
 399 1867 1
 399 153 1
 153 399 1
 399 1339 1
 1339 399 1
 399 1124 1
 1124 399 1
 399 1327 1
 1327 399 1
 399 1185 1
 1185 399 1
 399 2700 1
 2700 399 1
 2784 289 1
 289 2784 1
 2784 1906 1
 1906 2784 1
 2999 2907 1
 2907 2999 1
 969 695 1
 695 969 1
 2851 1911 1
 1911 2851 1
 1376 2607 1
 2607 1376 1
 1376 2388 1
 2388 1376 1
 1376 2727 1
 2727 1376 1
 2892 2639 1
 2639 2892 1
 2826 2160 1
 2160 2826 1
 866 1116 1
 1116 866 1
 132 2711 1
 2711 132 1
 843 235 1
 235 843 1
 755 1661 1
 1661 755 1
 1477 2011 1
 2011 1477 1
 1477 2186 1
 2186 1477 1
 728 1478 1
 1478 728 1
 1662 2666 1
 2666 1662 1
 1116 1138 1
 1138 1116 1
 1116 1955 1
 1955 1116 1
 1116 655 1
 655 1116 1
 1116 615 1
 615 1116 1
 1116 1269 1
 1269 1116 1
 1116 2792 1
 2792 1116 1
 1116 1437 1
 1437 1116 1
 1116 913 1
 913 1116 1
 1116 2547 1
 2547 1116 1
 1116 2205 1
 2205 1116 1
 1116 1471 1
 1471 1116 1
 1116 2023 1
 2023 1116 1
 1116 750 1
 750 1116 1
 1116 2080 1
 2080 1116 1
 1116 1198 1
 1198 1116 1
 1116 2427 1
 2427 1116 1
 1116 2638 1
 2638 1116 1
 1116 1037 1
 1037 1116 1
 349 695 1
 695 349 1
 349 2070 1
 2070 349 1
 1496 613 1
 613 1496 1
 693 2830 1
 2830 693 1
 1996 1833 1
 1833 1996 1
 483 1011 1
 1011 483 1
 483 1683 1
 1683 483 1
 483 2710 1
 2710 483 1
 483 430 1
 430 483 1
 483 535 1
 535 483 1
 483 217 1
 217 483 1
 483 2166 1
 2166 483 1
 483 2070 1
 2070 483 1
 1991 197 1
 197 1991 1
 2412 1513 1
 1513 2412 1
 1953 1011 1
 1011 1953 1
 400 1408 1
 1408 400 1
 484 1011 1
 1011 484 1
 484 871 1
 871 484 1
 378 1037 1
 1037 378 1
 1974 2483 1
 2483 1974 1
 1808 905 1
 905 1808 1
 1808 1313 1
 1313 1808 1
 685 2482 1
 2482 685 1
 1126 2830 1
 2830 1126 1
 1950 487 1
 487 1950 1
 784 1338 1
 1338 784 1
 784 1137 1
 1137 784 1
 784 695 1
 695 784 1
 784 2070 1
 2070 784 1
 784 2666 1
 2666 784 1
 784 1049 1
 1049 784 1
 642 1898 1
 1898 642 1
 814 1055 1
 1055 814 1
 815 2246 1
 2246 815 1
 3005 1298 1
 1298 3005 1
 819 2710 1
 2710 819 1
 472 2049 1
 2049 472 1
 2049 2245 1
 2245 2049 1
 1767 2474 1
 2474 1767 1
 1041 2639 1
 2639 1041 1
 2531 2086 1
 2086 2531 1
 1374 2655 1
 2655 1374 1
 1981 2399 1
 2399 1981 1
 415 2700 1
 2700 415 1
 1834 269 1
 269 1834 1
 1117 695 1
 695 1117 1
 1608 719 1
 719 1608 1
 406 676 1
 676 406 1
 1294 1758 1
 1758 1294 1
 1294 2898 1
 2898 1294 1
 2051 511 1
 511 2051 1
 2115 2617 1
 2617 2115 1
 895 2812 1
 2812 895 1
 2818 641 1
 641 2818 1
 1310 2312 1
 2312 1310 1
 2479 2831 1
 2831 2479 1
 2180 251 1
 251 2180 1
 1027 2483 1
 2483 1027 1
 2600 1659 1
 1659 2600 1
 2121 1037 1
 1037 2121 1
 2225 2070 1
 2070 2225 1
 546 221 1
 221 546 1
 2906 1338 1
 1338 2906 1
 2906 2314 1
 2314 2906 1
 2971 2493 1
 2493 2971 1
 2971 806 1
 806 2971 1
 1355 2483 1
 2483 1355 1
 1355 2070 1
 2070 1355 1
 2441 2483 1
 2483 2441 1
 1214 2070 1
 2070 1214 1
 1705 2916 1
 2916 1705 1
 1705 1720 1
 1720 1705 1
 1705 2067 1
 2067 1705 1
 1705 633 1
 633 1705 1
 1705 463 1
 463 1705 1
 409 2628 1
 2628 409 1
 24 2284 1
 2284 24 1
 153 1623 1
 1623 153 1
 2471 626 1
 626 2471 1
 2388 2126 1
 2126 2388 1
 2388 626 1
 626 2388 1
 2867 435 1
 435 2867 1
 1356 2284 1
 2284 1356 1
 1841 626 1
 626 1841 1
 2655 987 1
 987 2655 1
 471 806 1
 806 471 1
 2809 1627 1
 1627 2809 1
 2206 321 1
 321 2206 1
 2070 2812 1
 2812 2070 1
 306 192 1
 192 306 1
 3020 2892 1
 2892 3020 1
 3020 2070 1
 2070 3020 1
 2768 1958 1
 1958 2768 1
 1422 1366 1
 1366 1422 1
 1422 2246 1
 2246 1422 1
 2869 691 1
 691 2869 1
 1248 490 1
 490 1248 1
 205 1076 1
 1076 205 1
 205 2666 1
 2666 205 1
 1366 1055 1
 1055 1366 1
 1366 2070 1
 2070 1366 1
 1366 2547 1
 2547 1366 1
 1366 1304 1
 1304 1366 1
 1366 306 1
 306 1366 1
 127 2244 1
 2244 127 1
 127 2284 1
 2284 127 1
 453 309 1
 309 453 1
 1363 2748 1
 2748 1363 1
 550 1917 1
 1917 550 1
 2765 1380 1
 1380 2765 1
 2118 2174 1
 2174 2118 1
 1623 2451 1
 2451 1623 1
 1380 1164 1
 1164 1380 1
 2443 987 1
 987 2443 1
 1185 2070 1
 2070 1185 1
 1185 1363 1
 1363 1185 1
 1653 468 1
 468 1653 1
 2601 718 1
 718 2601 1
 1554 800 1
 800 1554 1
 800 2817 1
 2817 800 1
 613 2246 1
 2246 613 1
 987 1360 1
 1360 987 1
 987 250 1
 250 987 1
 192 2246 1
 2246 192 1
 192 2817 1
 2817 192 1
 1918 691 1
 691 1918 1
 540 825 1
 825 540 1
 75 496 1
 496 75 1
 2445 534 1
 534 2445 1
 662 1690 1
 1690 662 1
 2284 1231 1
 1231 2284 1
 375 2070 1
 2070 375 1
 1487 2236 1
 2236 1487 1
 2030 2812 1
 2812 2030 1
 30 1690 1
 1690 30 1
 2817 2070 1
 2070 2817 1
 2817 2163 1
 2163 2817 1
 2812 1305 1
 1305 2812 1
 272 2483 1
 2483 272 1
